1
2
1
9
4
7
13
10
11
14
17
12
18
21
22
20
17
20
22
21
25
28
22
26
28
30
29
23
24
32
32
25
27
29
30
33
34
31
35
37
38
38
41
39
39
42
42
42
44
45
43
44
44
48
47
49
49
49
51
51
50
53
52
55
54
55
58
59
56
60
61
59
62
62
64
65
64
66
63
67
68
68
73
64
75
72
76
68
77
78
69
70
79
82
75
81
83
83
76
84
77
78
81
90
86
88
89
92
85
93
86
94
96
95
97
96
87
88
99
97
100
98
101
89
99
102
90
102
107
108
95
112
106
109
96
113
97
98
113
114
114
115
99
116
102
118
120
103
121
104
111
124
126
125
127
112
127
113
114
128
129
131
133
134
131
115
