1
2
1
2
1
3
2
4
3
5
1
9
6
7
10
11
7
8
12
5
9
10
9
11
10
5
13
14
12
13
14
16
10
13
21
21
15
14
16
22
15
8
16
17
16
20
10
12
13
26
23
21
29
12
31
25
32
34
33
16
34
27
35
32
20
18
37
25
38
22
35
34
36
27
35
39
31
37
41
41
23
40
42
34
37
25
47
41
42
34
38
48
42
39
29
41
43
50
47
43
52
54
49
55
38
48
46
49
37
49
53
50
41
54
50
52
51
41
48
49
55
45
50
53
54
44
46
52
62
59
53
64
53
47
55
60
54
54
57
56
57
68
69
58
64
58
59
50
60
47
61
61
50
57
63
65
66
52
68
60
69
69
75
67
67
61
63
68
73
67
78
57
69
75
70
70
72
79
70
84
62
73
83
74
71
85
78
74
80
76
75
86
86
65
73
87
66
79
89
82
75
79
76
89
78
83
77
74
91
84
80
78
81
81
