true:
(-1, -1)
(-1, -15)
(-1, -16)
(-1, -6)
(-1, 1)
(-1, 11)
(-1, 13)
(-1, 16)
(-1, 17)
(-1, 4)
(-10, -13)
(-10, -6)
(-10, -7)
(-10, 8)
(-2, -17)
(-2, -7)
(-2, 10)
(-2, 12)
(-2, 14)
(-2, 7)
(-3, -1)
(-3, -11)
(-3, -5)
(-3, 14)
(-3, 15)
(-3, 16)
(-3, 9)
(-4, -13)
(-4, -14)
(-4, -3)
(-4, 10)
(-4, 12)
(-4, 14)
(-4, 16)
(-4, 2)
(-5, -13)
(-5, -16)
(-5, 3)
(-5, 9)
(-6, -8)
(-6, 2)
(-7, -1)
(-7, -11)
(-7, 14)
(-7, 16)
(-7, 4)
(-8, -10)
(-8, -12)
(-8, -14)
(-8, 2)
(-9, -17)
(-9, -5)
(-9, 5)
(1, -12)
(1, 16)
(1, 5)
(10, -3)
(10, 10)
(10, 11)
(10, 14)
(10, 2)
(11, -10)
(11, -11)
(11, -15)
(11, -2)
(11, -8)
(11, 18)
(11, 3)
(11, 6)
(11, 9)
(12, -16)
(12, 10)
(12, 4)
(12, 9)
(13, -16)
(13, 10)
(13, 11)
(13, 5)
(14, -2)
(14, -3)
(14, -8)
(14, 14)
(14, 4)
(14, 8)
(15, -18)
(15, -6)
(15, 1)
(15, 11)
(15, 13)
(15, 15)
(15, 5)
(15, 7)
(16, -5)
(16, -8)
(16, 10)
(16, 11)
(16, 4)
(17, -3)
(17, 11)
(17, 15)
(17, 17)
(17, 2)
(17, 6)
(17, 7)
(18, -17)
(18, -7)
(18, -9)
(18, 1)
(18, 18)
(18, 2)
(18, 8)
(2, -13)
(2, -18)
(2, 11)
(2, 17)
(2, 9)
(3, -1)
(3, -10)
(3, -18)
(3, -5)
(3, 11)
(3, 12)
(3, 3)
(4, -15)
(4, -16)
(4, -5)
(4, 16)
(4, 17)
(4, 8)
(5, -1)
(5, 15)
(5, 3)
(5, 6)
(6, -14)
(6, -16)
(6, 2)
(7, -6)
(7, 13)
(7, 7)
(8, -1)
(8, -10)
(8, -16)
(8, 1)
(8, 10)
(8, 3)
(9, -16)
(9, -18)
(9, -8)
(9, 13)
(9, 15)
(9, 8)
(9, 9)
false:
(-11, -15)
(-11, -4)
(-11, -6)
(-11, -9)
(-11, 11)
(-11, 12)
(-11, 15)
(-11, 3)
(-11, 6)
(-12, -12)
(-12, -4)
(-12, -5)
(-12, -6)
(-12, 13)
(-12, 18)
(-12, 7)
(-13, -11)
(-13, -14)
(-13, -6)
(-13, 13)
(-14, -11)
(-14, -13)
(-14, -15)
(-14, -3)
(-14, 3)
(-14, 5)
(-14, 9)
(-15, -13)
(-15, -16)
(-15, 11)
(-15, 14)
(-17, -1)
(-17, -17)
(-17, -4)
(-17, -6)
(-17, 15)
(-17, 4)
(-17, 7)
(-17, 8)
(-18, -11)
(-18, -15)
(-18, -8)
(-18, 15)
(-18, 6)
