true:
(25, -12)
(25, -13)
(25, -20)
(25, -21)
(25, -23)
(25, -26)
(25, -8)
(25, 1)
(25, 11)
(25, 15)
(25, 16)
(25, 18)
(25, 2)
(25, 21)
(25, 25)
(25, 29)
(25, 30)
(25, 4)
(25, 8)
(26, -1)
(26, -12)
(26, -15)
(26, -17)
(26, -19)
(26, -22)
(26, -23)
(26, -25)
(26, -26)
(26, -6)
(26, -9)
(26, 1)
(26, 12)
(26, 14)
(26, 17)
(26, 22)
(26, 25)
(26, 27)
(26, 30)
(26, 6)
(27, -14)
(27, -15)
(27, -18)
(27, -2)
(27, -22)
(27, -29)
(27, -3)
(27, -30)
(27, -4)
(27, -5)
(27, -6)
(27, 1)
(27, 11)
(27, 12)
(27, 19)
(27, 2)
(27, 23)
(27, 24)
(27, 26)
(27, 27)
(27, 28)
(27, 29)
(27, 3)
(27, 7)
(27, 8)
(27, 9)
(28, -1)
(28, -17)
(28, -18)
(28, -22)
(28, -27)
(28, -28)
(28, -7)
(28, 1)
(28, 11)
(28, 12)
(28, 14)
(28, 22)
(28, 23)
(28, 25)
(28, 26)
(28, 27)
(28, 4)
(28, 7)
(29, -1)
(29, -11)
(29, -20)
(29, -21)
(29, -22)
(29, -23)
(29, -4)
(29, -5)
(29, -9)
(29, 10)
(29, 13)
(29, 16)
(29, 18)
(29, 27)
(29, 28)
(29, 30)
(30, -10)
(30, -14)
(30, -16)
(30, -18)
(30, -20)
(30, -22)
(30, -24)
(30, -5)
(30, -8)
(30, 1)
(30, 13)
(30, 18)
(30, 2)
(30, 23)
(30, 26)
(30, 27)
(30, 28)
(30, 4)
(30, 9)
false:
(-1, -10)
(-1, -16)
(-1, -17)
(-1, -18)
(-1, -2)
(-1, -20)
(-1, -26)
(-1, -28)
(-1, -4)
(-1, -9)
(-1, 1)
(-1, 10)
(-1, 12)
(-1, 13)
(-1, 16)
(-1, 2)
(-1, 20)
(-1, 21)
(-1, 28)
(-1, 29)
(-1, 3)
(-1, 30)
(-1, 5)
(-10, -10)
(-10, -12)
(-10, -15)
(-10, -21)
(-10, -22)
(-10, -26)
(-10, -28)
(-10, -29)
(-10, -5)
(-10, -8)
(-10, 11)
(-10, 13)
(-10, 15)
(-10, 19)
(-10, 2)
(-10, 20)
(-10, 26)
(-10, 27)
(-10, 28)
(-10, 29)
(-10, 5)
(-10, 9)
(-11, -1)
(-11, -11)
(-11, -12)
(-11, -16)
(-11, -19)
(-11, -21)
(-11, -22)
(-11, -23)
(-11, -24)
(-11, -27)
(-11, -5)
(-11, -6)
(-11, -8)
(-11, 19)
(-11, 24)
(-11, 26)
(-11, 27)
(-11, 29)
(-11, 3)
(-11, 8)
(-11, 9)
(-12, -14)
(-12, -15)
(-12, -17)
(-12, -20)
(-12, -22)
(-12, -23)
(-12, -28)
(-12, -3)
(-12, -7)
(-12, -9)
(-12, 10)
(-12, 11)
(-12, 18)
(-12, 21)
(-12, 23)
(-12, 25)
(-12, 27)
(-13, -17)
(-13, -18)
(-13, -19)
(-13, -21)
(-13, -22)
(-13, -23)
(-13, -25)
(-13, -27)
(-13, -29)
(-13, -30)
(-13, -8)
(-13, -9)
(-13, 11)
(-13, 12)
(-13, 14)
(-13, 15)
(-13, 18)
(-13, 2)
(-13, 20)
(-13, 24)
(-13, 30)
(-13, 4)
(-13, 7)
(-14, -1)
(-14, -11)
(-14, -13)
(-14, -17)
(-14, -18)
(-14, -24)
(-14, -5)
(-14, -7)
(-14, -8)
(-14, -9)
(-14, 12)
(-14, 13)
(-14, 16)
(-14, 17)
(-14, 2)
(-14, 20)
(-14, 24)
(-14, 28)
(-14, 30)
(-14, 9)
(-15, -1)
(-15, -10)
(-15, -15)
(-15, -19)
(-15, -21)
(-15, -22)
(-15, -23)
(-15, -24)
(-15, -25)
(-15, -26)
(-15, -4)
(-15, -9)
(-15, 1)
(-15, 14)
(-15, 18)
(-15, 2)
(-15, 20)
(-15, 25)
(-15, 27)
(-15, 28)
(-15, 29)
(-15, 30)
(-15, 9)
(-16, -12)
(-16, -13)
(-16, -14)
(-16, -16)
(-16, -18)
(-16, -19)
(-16, -22)
(-16, -28)
(-16, -3)
(-16, -30)
(-16, -5)
(-16, -6)
(-16, -8)
(-16, 10)
(-16, 11)
(-16, 12)
(-16, 17)
(-16, 20)
(-16, 21)
(-16, 22)
(-16, 25)
(-16, 26)
(-16, 30)
(-17, -1)
(-17, -16)
(-17, -18)
(-17, -19)
(-17, -20)
(-17, -23)
(-17, -24)
(-17, -29)
(-17, -30)
(-17, 1)
(-17, 10)
(-17, 11)
(-17, 12)
(-17, 16)
(-17, 2)
(-17, 20)
(-17, 21)
(-17, 22)
(-17, 24)
(-17, 25)
(-17, 27)
(-17, 28)
(-17, 8)
(-18, -12)
(-18, -13)
(-18, -18)
(-18, -2)
(-18, -20)
(-18, -23)
(-18, -24)
(-18, -28)
(-18, -3)
(-18, -30)
(-18, -7)
(-18, -8)
(-18, 12)
(-18, 15)
(-18, 16)
(-18, 17)
(-18, 18)
(-18, 19)
(-18, 21)
(-18, 23)
(-18, 26)
(-18, 30)
(-18, 5)
(-18, 8)
(-18, 9)
(-19, -15)
(-19, -18)
(-19, -2)
(-19, -21)
(-19, -24)
(-19, -27)
(-19, -30)
(-19, -4)
(-19, -6)
(-19, 11)
(-19, 15)
(-19, 2)
(-19, 20)
(-19, 21)
(-19, 22)
(-19, 23)
(-19, 25)
(-19, 27)
(-19, 29)
(-19, 6)
(-19, 7)
(-19, 8)
(-2, -10)
(-2, -11)
(-2, -19)
(-2, -21)
(-2, -23)
(-2, -26)
(-2, -27)
(-2, -30)
(-2, -7)
(-2, -8)
(-2, -9)
(-2, 16)
(-2, 25)
(-2, 30)
(-20, -1)
(-20, -10)
(-20, -12)
(-20, -15)
(-20, -16)
(-20, -18)
(-20, -2)
(-20, -21)
(-20, -24)
(-20, -28)
(-20, -29)
(-20, -3)
(-20, -7)
(-20, -8)
(-20, 1)
(-20, 11)
(-20, 12)
(-20, 14)
(-20, 19)
(-20, 22)
(-20, 23)
(-20, 24)
(-20, 25)
(-20, 3)
(-20, 4)
(-20, 7)
(-21, -11)
(-21, -15)
(-21, -19)
(-21, -2)
(-21, -21)
(-21, -22)
(-21, -25)
(-21, -26)
(-21, -28)
(-21, -30)
(-21, -7)
(-21, -9)
(-21, 1)
(-21, 10)
(-21, 11)
(-21, 13)
(-21, 16)
(-21, 18)
(-21, 19)
(-21, 22)
(-21, 24)
(-21, 26)
(-21, 27)
(-21, 28)
(-21, 29)
(-21, 30)
(-21, 5)
(-22, -10)
(-22, -12)
(-22, -13)
(-22, -2)
(-22, -21)
(-22, -25)
(-22, -4)
(-22, -7)
(-22, -8)
(-22, 12)
(-22, 13)
(-22, 16)
(-22, 17)
(-22, 18)
(-22, 20)
(-22, 22)
(-22, 27)
(-22, 28)
(-22, 29)
(-22, 5)
(-22, 8)
(-23, -10)
(-23, -12)
(-23, -14)
(-23, -16)
(-23, -18)
(-23, -20)
(-23, -22)
(-23, -24)
(-23, -25)
(-23, -26)
(-23, -27)
(-23, -3)
(-23, -5)
(-23, -7)
(-23, -8)
(-23, 14)
(-23, 20)
(-23, 23)
(-23, 24)
(-23, 27)
(-23, 4)
(-23, 6)
(-23, 7)
(-23, 8)
(-24, -1)
(-24, -11)
(-24, -12)
(-24, -14)
(-24, -16)
(-24, -2)
(-24, -20)
(-24, -21)
(-24, -22)
(-24, -23)
(-24, -25)
(-24, -5)
(-24, -9)
(-24, 10)
(-24, 14)
(-24, 15)
(-24, 20)
(-24, 22)
(-24, 25)
(-24, 26)
(-24, 3)
(-24, 4)
(-24, 6)
(-25, -10)
(-25, -14)
(-25, -19)
(-25, -27)
(-25, -9)
(-25, 12)
(-25, 13)
(-25, 15)
(-25, 16)
(-25, 18)
(-25, 2)
(-25, 20)
(-25, 25)
(-25, 26)
(-25, 29)
(-25, 3)
(-25, 30)
(-25, 8)
(-25, 9)
(-26, -10)
(-26, -12)
(-26, -13)
(-26, -15)
(-26, -20)
(-26, -21)
(-26, -24)
(-26, -28)
(-26, -30)
(-26, -7)
(-26, -8)
(-26, -9)
(-26, 1)
(-26, 14)
(-26, 15)
(-26, 16)
(-26, 17)
(-26, 24)
(-26, 25)
(-26, 30)
(-26, 5)
(-26, 7)
(-27, -14)
(-27, -18)
(-27, -19)
(-27, -2)
(-27, -20)
(-27, -26)
(-27, -27)
(-27, -4)
(-27, -9)
(-27, 1)
(-27, 11)
(-27, 16)
(-27, 17)
(-27, 20)
(-27, 22)
(-27, 24)
(-27, 8)
(-27, 9)
(-28, -11)
(-28, -12)
(-28, -14)
(-28, -15)
(-28, -20)
(-28, -22)
(-28, -23)
(-28, -24)
(-28, -25)
(-28, -28)
(-28, -29)
(-28, -3)
(-28, -30)
(-28, -5)
(-28, -6)
(-28, -8)
(-28, 15)
(-28, 22)
(-28, 23)
(-28, 3)
(-28, 4)
(-28, 6)
(-28, 7)
(-28, 8)
(-29, -12)
(-29, -15)
(-29, -17)
(-29, -19)
(-29, -23)
(-29, -24)
(-29, -25)
(-29, -26)
(-29, -29)
(-29, -30)
(-29, 14)
(-29, 18)
(-29, 20)
(-29, 25)
(-29, 6)
(-29, 8)
(-3, -1)
(-3, -10)
(-3, -11)
(-3, -12)
(-3, -16)
(-3, -18)
(-3, -19)
(-3, -25)
(-3, -27)
(-3, -29)
(-3, -3)
(-3, -30)
(-3, -7)
(-3, -9)
(-3, 1)
(-3, 12)
(-3, 2)
(-3, 21)
(-3, 22)
(-3, 26)
(-3, 28)
(-3, 5)
(-3, 6)
(-3, 9)
(-30, -11)
(-30, -15)
(-30, -20)
(-30, -22)
(-30, -24)
(-30, -28)
(-30, -29)
(-30, -3)
(-30, -30)
(-30, -5)
(-30, -7)
(-30, -8)
(-30, 14)
(-30, 15)
(-30, 27)
(-30, 5)
(-30, 6)
(-30, 7)
(-30, 8)
(-4, -11)
(-4, -13)
(-4, -16)
(-4, -18)
(-4, -23)
(-4, -25)
(-4, -26)
(-4, -27)
(-4, -28)
(-4, -3)
(-4, -4)
(-4, 10)
(-4, 11)
(-4, 18)
(-4, 21)
(-4, 22)
(-4, 23)
(-4, 24)
(-4, 28)
(-4, 5)
(-5, -11)
(-5, -17)
(-5, -18)
(-5, -19)
(-5, -27)
(-5, -28)
(-5, -29)
(-5, -30)
(-5, -4)
(-5, -6)
(-5, -9)
(-5, 14)
(-5, 15)
(-5, 18)
(-5, 2)
(-5, 24)
(-5, 27)
(-5, 7)
(-5, 9)
(-6, -1)
(-6, -11)
(-6, -12)
(-6, -13)
(-6, -18)
(-6, -20)
(-6, -26)
(-6, -27)
(-6, -30)
(-6, -5)
(-6, -8)
(-6, 15)
(-6, 18)
(-6, 2)
(-6, 24)
(-6, 26)
(-6, 28)
(-6, 3)
(-7, -11)
(-7, -16)
(-7, -21)
(-7, -25)
(-7, -28)
(-7, 10)
(-7, 14)
(-7, 15)
(-7, 2)
(-7, 20)
(-7, 25)
(-7, 3)
(-7, 30)
(-7, 5)
(-7, 6)
(-7, 9)
(-8, -10)
(-8, -12)
(-8, -16)
(-8, -17)
(-8, -18)
(-8, -2)
(-8, -28)
(-8, -3)
(-8, -5)
(-8, -6)
(-8, -8)
(-8, 11)
(-8, 14)
(-8, 17)
(-8, 18)
(-8, 21)
(-8, 22)
(-8, 3)
(-8, 4)
(-8, 8)
(-9, -1)
(-9, -10)
(-9, -12)
(-9, -2)
(-9, -20)
(-9, -21)
(-9, -25)
(-9, -3)
(-9, -4)
(-9, -5)
(-9, 1)
(-9, 10)
(-9, 17)
(-9, 2)
(-9, 21)
(-9, 22)
(-9, 26)
(-9, 3)
(-9, 5)
(1, -10)
(1, -11)
(1, -13)
(1, -17)
(1, -19)
(1, -25)
(1, -29)
(1, 14)
(1, 18)
(1, 19)
(1, 2)
(1, 24)
(1, 28)
(1, 3)
(1, 5)
(1, 6)
(10, -11)
(10, -12)
(10, -13)
(10, -18)
(10, -22)
(10, -25)
(10, -26)
(10, -28)
(10, -4)
(10, -7)
(10, -9)
(10, 13)
(10, 15)
(10, 19)
(10, 2)
(10, 21)
(10, 23)
(10, 27)
(10, 28)
(10, 5)
(10, 6)
(11, -10)
(11, -11)
(11, -17)
(11, -18)
(11, -20)
(11, -21)
(11, -27)
(11, -4)
(11, 13)
(11, 14)
(11, 16)
(11, 17)
(11, 18)
(11, 28)
(11, 29)
(11, 5)
(11, 7)
(12, -1)
(12, -13)
(12, -14)
(12, -15)
(12, -20)
(12, -23)
(12, -25)
(12, -28)
(12, -6)
(12, -9)
(12, 1)
(12, 10)
(12, 11)
(12, 12)
(12, 15)
(12, 16)
(12, 24)
(12, 25)
(12, 28)
(12, 3)
(13, -1)
(13, -10)
(13, -11)
(13, -12)
(13, -15)
(13, -18)
(13, -20)
(13, -21)
(13, -22)
(13, -23)
(13, -24)
(13, -26)
(13, -28)
(13, -3)
(13, -4)
(13, -6)
(13, -7)
(13, 10)
(13, 13)
(13, 19)
(13, 5)
(13, 8)
(14, -10)
(14, -13)
(14, -15)
(14, -19)
(14, -20)
(14, -22)
(14, -25)
(14, -29)
(14, -3)
(14, -4)
(14, 16)
(14, 17)
(14, 18)
(14, 2)
(14, 22)
(14, 28)
(14, 8)
(15, -10)
(15, -11)
(15, -12)
(15, -14)
(15, -16)
(15, -18)
(15, -21)
(15, -28)
(15, -7)
(15, -8)
(15, 13)
(15, 14)
(15, 16)
(15, 17)
(15, 19)
(15, 20)
(15, 26)
(15, 28)
(15, 29)
(15, 30)
(15, 7)
(16, -10)
(16, -13)
(16, -14)
(16, -16)
(16, -17)
(16, -2)
(16, -22)
(16, -24)
(16, -28)
(16, -29)
(16, -5)
(16, -7)
(16, 1)
(16, 12)
(16, 16)
(16, 17)
(16, 24)
(16, 27)
(16, 4)
(16, 5)
(16, 9)
(17, -1)
(17, -11)
(17, -13)
(17, -19)
(17, -23)
(17, -24)
(17, -28)
(17, -3)
(17, -9)
(17, 1)
(17, 14)
(17, 16)
(17, 18)
(17, 2)
(17, 20)
(17, 21)
(17, 22)
(17, 25)
(17, 26)
(17, 28)
(17, 29)
(17, 3)
(17, 9)
(18, -14)
(18, -17)
(18, -18)
(18, -19)
(18, -2)
(18, -21)
(18, -22)
(18, -23)
(18, -24)
(18, -26)
(18, -28)
(18, -29)
(18, -9)
(18, 10)
(18, 13)
(18, 15)
(18, 2)
(18, 20)
(18, 21)
(18, 22)
(18, 23)
(18, 30)
(18, 6)
(19, -1)
(19, -12)
(19, -14)
(19, -18)
(19, -2)
(19, -20)
(19, -23)
(19, -28)
(19, -4)
(19, -6)
(19, -7)
(19, -8)
(19, -9)
(19, 14)
(19, 16)
(19, 22)
(19, 25)
(19, 26)
(19, 28)
(19, 29)
(19, 3)
(19, 5)
(19, 6)
(19, 9)
(2, -18)
(2, -19)
(2, -21)
(2, -22)
(2, -26)
(2, -27)
(2, -28)
(2, -4)
(2, -8)
(2, 10)
(2, 13)
(2, 18)
(2, 22)
(2, 24)
(2, 27)
(2, 3)
(2, 30)
(2, 7)
(2, 9)
(20, -24)
(20, -27)
(20, -3)
(20, -30)
(20, -5)
(20, -8)
(20, 11)
(20, 14)
(20, 16)
(20, 2)
(20, 21)
(20, 24)
(20, 25)
(20, 26)
(20, 27)
(20, 28)
(20, 4)
(20, 7)
(20, 8)
(21, -1)
(21, -14)
(21, -18)
(21, -20)
(21, -24)
(21, -25)
(21, -30)
(21, -8)
(21, 18)
(21, 2)
(21, 23)
(21, 27)
(21, 28)
(21, 29)
(21, 30)
(21, 4)
(21, 6)
(21, 9)
(22, -10)
(22, -16)
(22, -19)
(22, -2)
(22, -20)
(22, -23)
(22, -24)
(22, -25)
(22, -26)
(22, -27)
(22, -6)
(22, -7)
(22, 10)
(22, 13)
(22, 14)
(22, 16)
(22, 2)
(22, 22)
(22, 4)
(23, -10)
(23, -11)
(23, -12)
(23, -17)
(23, -19)
(23, -2)
(23, -24)
(23, -25)
(23, -27)
(23, -3)
(23, -30)
(23, -4)
(23, -5)
(23, 1)
(23, 11)
(23, 14)
(23, 20)
(23, 21)
(23, 26)
(23, 4)
(24, -10)
(24, -11)
(24, -14)
(24, -15)
(24, -16)
(24, -18)
(24, -19)
(24, -20)
(24, -21)
(24, -4)
(24, -5)
(24, 10)
(24, 11)
(24, 12)
(24, 14)
(24, 18)
(24, 19)
(24, 20)
(24, 21)
(24, 22)
(24, 5)
(24, 8)
(3, -12)
(3, -2)
(3, -20)
(3, -21)
(3, -22)
(3, -24)
(3, -29)
(3, 11)
(3, 15)
(3, 17)
(3, 20)
(3, 21)
(3, 22)
(3, 28)
(3, 4)
(3, 7)
(3, 8)
(3, 9)
(4, -17)
(4, -2)
(4, -20)
(4, -21)
(4, -25)
(4, -26)
(4, -29)
(4, -4)
(4, -5)
(4, -6)
(4, -7)
(4, -8)
(4, 14)
(4, 15)
(4, 17)
(4, 20)
(4, 23)
(4, 24)
(4, 26)
(4, 3)
(4, 4)
(4, 6)
(4, 7)
(4, 8)
(4, 9)
(5, -10)
(5, -14)
(5, -19)
(5, -2)
(5, -22)
(5, -26)
(5, -28)
(5, -29)
(5, -30)
(5, -8)
(5, -9)
(5, 12)
(5, 20)
(5, 22)
(5, 23)
(5, 25)
(5, 27)
(5, 29)
(5, 30)
(5, 4)
(5, 6)
(5, 8)
(6, -1)
(6, -10)
(6, -13)
(6, -15)
(6, -2)
(6, -22)
(6, -23)
(6, -26)
(6, -29)
(6, -30)
(6, -5)
(6, -7)
(6, -9)
(6, 13)
(6, 17)
(6, 21)
(6, 23)
(6, 24)
(6, 25)
(6, 30)
(6, 9)
(7, -1)
(7, -11)
(7, -12)
(7, -14)
(7, -15)
(7, -18)
(7, -19)
(7, -22)
(7, -23)
(7, -30)
(7, -4)
(7, -8)
(7, 1)
(7, 18)
(7, 19)
(7, 21)
(7, 25)
(7, 30)
(7, 5)
(7, 6)
(7, 8)
(8, -12)
(8, -15)
(8, -19)
(8, -22)
(8, -23)
(8, -24)
(8, -26)
(8, -28)
(8, 11)
(8, 13)
(8, 18)
(8, 19)
(8, 2)
(8, 20)
(8, 22)
(8, 24)
(8, 26)
(8, 3)
(8, 30)
(8, 4)
(8, 5)
(8, 6)
(8, 7)
(8, 8)
(8, 9)
(9, -10)
(9, -11)
(9, -17)
(9, -20)
(9, -21)
(9, -25)
(9, -29)
(9, -3)
(9, 10)
(9, 11)
(9, 13)
(9, 16)
(9, 19)
(9, 20)
(9, 22)
(9, 25)
(9, 26)
(9, 27)
(9, 3)
(9, 7)
(9, 8)
(9, 9)
