189
865321100
965222211
18993712
284825360
340016248
776433210
635907570
674333057
865322110
42189453
612300649
32290030
988755431
387085588
132719319
997776552
663449552
876555431
833287722
998776410
875544210
997765531
122652136
765421100
996555430
886555433
765544220
876543210
8754321
987654310
594958335
787891129
140486944
706627213
195392771
765443300
611826705
99633210
694543961
998655411
875444332
693874144
776441100
232965863
998653210
987554421
877521000
938152428
987664332
777666321
987777640
97532221
760807648
977755543
999654331
887332100
106954612
873321110
977765442
998655541
800950740
987522110
765442110
598921262
354389084
441545793
98765510
88753221
765443221
887432211
998775211
551340574
976654100
520513792
110515155
499064102
987632100
779290365
988642221
678026022
228612517
955433210
876541110
300970764
988865410
977333221
24823986
406725853
776654432
988765532
227968684
998865420
986542000
119591669
887088049
35234444
755433200
985533310
999754432
633818439
775432210
877655421
975432222
975411100
99988411
988532000
136686851
997662221
999887643
493792912
860850352
338143889
130415681
790719843
876544211
88930017
48517997
997666510
764422221
9888220
358529299
988755431
628992535
887643221
604589067
999421100
918751003
988773210
622822903
87643210
65543200
99986663
619476791
88632111
876433200
998832111
584040978
899896859
759395257
666544221
85443321
222925175
97443220
728724484
999873100
886532221
995442220
977775220
987544220
159054584
526096127
966533110
996553210
59582419
54332200
77280131
158594112
382198473
715747071
289651867
997754330
417102805
273114570
97533200
998776550
925753509
392877029
318070796
988775410
88776200
191621204
451753707
262144026
729662494
864332110
302677253
394469533
966665543
986542111
877533220
987766542
24732213
986664432
766532210
976654432
986665333
96532210
591661404
8765422
