100 EP -> zgoscenka 1 [100, 0, 0, 0, 0, 0, 0, 0, 0, 0]
100 EP -> zgoscenka 2 [100, 100, 0, 0, 0, 0, 0, 0, 0, 0]
100 EP -> zgoscenka 3 [100, 100, 100, 0, 0, 0, 0, 0, 0, 0]
100 EP -> zgoscenka 4 [100, 100, 100, 100, 0, 0, 0, 0, 0, 0]
100 EP -> zgoscenka 5 [100, 100, 100, 100, 100, 0, 0, 0, 0, 0]
100 EP -> zgoscenka 6 [100, 100, 100, 100, 100, 100, 0, 0, 0, 0]
100 EP -> zgoscenka 7 [100, 100, 100, 100, 100, 100, 100, 0, 0, 0]
100 EP -> zgoscenka 8 [100, 100, 100, 100, 100, 100, 100, 100, 0, 0]
100 EP -> zgoscenka 9 [100, 100, 100, 100, 100, 100, 100, 100, 100, 0]
100 EP -> zgoscenka 10 [100, 100, 100, 100, 100, 100, 100, 100, 100, 100]
100 EP -> zgoscenka 1 [200, 100, 100, 100, 100, 100, 100, 100, 100, 100]
100 EP -> zgoscenka 2 [200, 200, 100, 100, 100, 100, 100, 100, 100, 100]
100 EP -> zgoscenka 3 [200, 200, 200, 100, 100, 100, 100, 100, 100, 100]
100 EP -> zgoscenka 4 [200, 200, 200, 200, 100, 100, 100, 100, 100, 100]
100 EP -> zgoscenka 5 [200, 200, 200, 200, 200, 100, 100, 100, 100, 100]
100 EP -> zgoscenka 6 [200, 200, 200, 200, 200, 200, 100, 100, 100, 100]
100 EP -> zgoscenka 7 [200, 200, 200, 200, 200, 200, 200, 100, 100, 100]
100 EP -> zgoscenka 8 [200, 200, 200, 200, 200, 200, 200, 200, 100, 100]
100 EP -> zgoscenka 9 [200, 200, 200, 200, 200, 200, 200, 200, 200, 100]
100 EP -> zgoscenka 10 [200, 200, 200, 200, 200, 200, 200, 200, 200, 200]
100 EP -> zgoscenka 1 [300, 200, 200, 200, 200, 200, 200, 200, 200, 200]
100 EP -> zgoscenka 2 [300, 300, 200, 200, 200, 200, 200, 200, 200, 200]
100 EP -> zgoscenka 3 [300, 300, 300, 200, 200, 200, 200, 200, 200, 200]
100 EP -> zgoscenka 4 [300, 300, 300, 300, 200, 200, 200, 200, 200, 200]
100 EP -> zgoscenka 5 [300, 300, 300, 300, 300, 200, 200, 200, 200, 200]
100 EP -> zgoscenka 6 [300, 300, 300, 300, 300, 300, 200, 200, 200, 200]
100 EP -> zgoscenka 7 [300, 300, 300, 300, 300, 300, 300, 200, 200, 200]
100 EP -> zgoscenka 8 [300, 300, 300, 300, 300, 300, 300, 300, 200, 200]
100 EP -> zgoscenka 9 [300, 300, 300, 300, 300, 300, 300, 300, 300, 200]
100 EP -> zgoscenka 10 [300, 300, 300, 300, 300, 300, 300, 300, 300, 300]
100 EP -> zgoscenka 1 [400, 300, 300, 300, 300, 300, 300, 300, 300, 300]
100 EP -> zgoscenka 2 [400, 400, 300, 300, 300, 300, 300, 300, 300, 300]
100 EP -> zgoscenka 3 [400, 400, 400, 300, 300, 300, 300, 300, 300, 300]
100 EP -> zgoscenka 4 [400, 400, 400, 400, 300, 300, 300, 300, 300, 300]
100 EP -> zgoscenka 5 [400, 400, 400, 400, 400, 300, 300, 300, 300, 300]
100 EP -> zgoscenka 6 [400, 400, 400, 400, 400, 400, 300, 300, 300, 300]
100 EP -> zgoscenka 7 [400, 400, 400, 400, 400, 400, 400, 300, 300, 300]
100 EP -> zgoscenka 8 [400, 400, 400, 400, 400, 400, 400, 400, 300, 300]
100 EP -> zgoscenka 9 [400, 400, 400, 400, 400, 400, 400, 400, 400, 300]
100 EP -> zgoscenka 10 [400, 400, 400, 400, 400, 400, 400, 400, 400, 400]
100 EP -> zgoscenka 1 [500, 400, 400, 400, 400, 400, 400, 400, 400, 400]
100 EP -> zgoscenka 2 [500, 500, 400, 400, 400, 400, 400, 400, 400, 400]
100 EP -> zgoscenka 3 [500, 500, 500, 400, 400, 400, 400, 400, 400, 400]
100 EP -> zgoscenka 4 [500, 500, 500, 500, 400, 400, 400, 400, 400, 400]
100 EP -> zgoscenka 5 [500, 500, 500, 500, 500, 400, 400, 400, 400, 400]
100 EP -> zgoscenka 6 [500, 500, 500, 500, 500, 500, 400, 400, 400, 400]
100 EP -> zgoscenka 7 [500, 500, 500, 500, 500, 500, 500, 400, 400, 400]
100 EP -> zgoscenka 8 [500, 500, 500, 500, 500, 500, 500, 500, 400, 400]
100 EP -> zgoscenka 9 [500, 500, 500, 500, 500, 500, 500, 500, 500, 400]
100 EP -> zgoscenka 10 [500, 500, 500, 500, 500, 500, 500, 500, 500, 500]
100 EP -> zgoscenka 1 [600, 500, 500, 500, 500, 500, 500, 500, 500, 500]
100 EP -> zgoscenka 2 [600, 600, 500, 500, 500, 500, 500, 500, 500, 500]
100 EP -> zgoscenka 3 [600, 600, 600, 500, 500, 500, 500, 500, 500, 500]
100 EP -> zgoscenka 4 [600, 600, 600, 600, 500, 500, 500, 500, 500, 500]
100 EP -> zgoscenka 5 [600, 600, 600, 600, 600, 500, 500, 500, 500, 500]
100 EP -> zgoscenka 6 [600, 600, 600, 600, 600, 600, 500, 500, 500, 500]
100 EP -> zgoscenka 7 [600, 600, 600, 600, 600, 600, 600, 500, 500, 500]
100 EP -> zgoscenka 8 [600, 600, 600, 600, 600, 600, 600, 600, 500, 500]
100 EP -> zgoscenka 9 [600, 600, 600, 600, 600, 600, 600, 600, 600, 500]
100 EP -> zgoscenka 10 [600, 600, 600, 600, 600, 600, 600, 600, 600, 600]
100 EP -> zgoscenka 1 [700, 600, 600, 600, 600, 600, 600, 600, 600, 600]
100 EP -> zgoscenka 2 [700, 700, 600, 600, 600, 600, 600, 600, 600, 600]
100 EP -> zgoscenka 3 [700, 700, 700, 600, 600, 600, 600, 600, 600, 600]
100 EP -> zgoscenka 4 [700, 700, 700, 700, 600, 600, 600, 600, 600, 600]
100 EP -> zgoscenka 5 [700, 700, 700, 700, 700, 600, 600, 600, 600, 600]
100 EP -> zgoscenka 6 [700, 700, 700, 700, 700, 700, 600, 600, 600, 600]
100 EP -> zgoscenka 7 [700, 700, 700, 700, 700, 700, 700, 600, 600, 600]
100 EP -> zgoscenka 8 [700, 700, 700, 700, 700, 700, 700, 700, 600, 600]
100 EP -> zgoscenka 9 [700, 700, 700, 700, 700, 700, 700, 700, 700, 600]
100 EP -> zgoscenka 10 [700, 700, 700, 700, 700, 700, 700, 700, 700, 700]
