9960 EP -> zgoscenka 1 [9960, 0, 0, 0, 0, 0, 0, 0, 0, 0]
6743 EP -> zgoscenka 2 [9960, 6743, 0, 0, 0, 0, 0, 0, 0, 0]
920 EP -> zgoscenka 3 [9960, 6743, 920, 0, 0, 0, 0, 0, 0, 0]
1133 EP -> zgoscenka 4 [9960, 6743, 920, 1133, 0, 0, 0, 0, 0, 0]
1349 EP -> zgoscenka 5 [9960, 6743, 920, 1133, 1349, 0, 0, 0, 0, 0]
3426 EP -> zgoscenka 6 [9960, 6743, 920, 1133, 1349, 3426, 0, 0, 0, 0]
7115 EP -> zgoscenka 7 [9960, 6743, 920, 1133, 1349, 3426, 7115, 0, 0, 0]
10000 EP -> zgoscenka 8 [9960, 6743, 920, 1133, 1349, 3426, 7115, 10000, 0, 0]
6532 EP -> zgoscenka 9 [9960, 6743, 920, 1133, 1349, 3426, 7115, 10000, 6532, 0]
456 EP -> zgoscenka 10 [9960, 6743, 920, 1133, 1349, 3426, 7115, 10000, 6532, 456]
1323 EP -> zgoscenka 10 [9960, 6743, 920, 1133, 1349, 3426, 7115, 10000, 6532, 1779]
