3456
110 5692
421 -969
791 -936
437 5245
168 497
228 -950
-705 -225
-514 3882
323 3900
-611 7710
326 3683
-551 -909
343 9614
-555 4625
171 358
-204 6358
110 5692
900 -651
780 688
520 -371
-793 -36
296 6026
-991 5002
702 7488
-15 6481
311 5452
208 6494
737 -164
-706 7002
130 3799
563 5178
335 5958
-852 1659
-79 6944
930 7567
760 6944
381 9950
115 241
-712 4354
-128 -989
-503 5171
-908 3386
714 3022
-756 5657
-576 6980
938 6531
409 4179
275 -466
-140 5373
9 -339
-245 673
-895 145
-984 6580
589 504
252 4081
669 904
702 2318
270 1666
-17 2615
743 1569
382 6829
-433 5285
-177 4339
-1 1827
364 6503
253 3893
233 5644
3 1151
-589 6639
221 5052
-93 -424
-734 5242
533 -548
-439 8864
357 2340
531 9087
-877 6951
-824 8303
557 6316
-10 325
-1 8347
868 1004
-559 7195
706 1141
791 2035
905 2501
-651 4444
-891 9818
157 6540
-85 3437
900 -651
64 3287
-293 8615
111 533
-355 1880
726 4820
773 4619
795 9277
296 5533
-69 9449
-122 877
464 9682
-569 1420
-80 4541
566 1788
552 5122
-165 4363
-616 5638
697 1740
516 5759
-120 2360
-670 4725
53 -883
-503 9163
744 -57
-930 4488
258 3656
-924 2486
-619 5083
-572 3472
500 6911
-628 6087
-659 3866
-759 309
-601 1851
-893 3839
-836 9007
766 9639
19 2465
-583 2416
978 2033
-845 -500
-927 6662
-688 4454
-365 5173
-300 9885
-51 315
64 3287
-103 4347
-733 1293
881 1947
150 2116
163 7673
115 1240
-274 -879
-774 4299
714 3449
276 397
-345 4507
957 1748
-493 3484
361 4574
409 -203
400 396
-7 9532
-428 6124
382 6639
677 3527
487 6298
-7 8236
361 -285
-475 8166
26 672
-41 4517
487 8884
902 4894
164 6766
824 7141
-74 1664
-496 3808
-580 6078
-390 3008
-216 1114
-296 9543
434 9962
-655 -396
517 8306
554 8936
420 6644
591 6700
-809 7497
493 7330
562 -773
-494 143
229 2168
905 9229
-627 5345
930 9520
21 3755
554 1005
777 9160
-974 9007
-317 8844
-324 2452
-103 4347
-27 4613
393 8899
347 -464
344 8749
-403 -386
722 1880
-929 3207
300 6711
842 8914
-868 1994
-306 9546
-565 658
756 1102
-834 856
-979 4403
-185 8284
-124 8662
810 4065
-434 3398
-339 2153
-13 8134
654 5286
888 4828
-64 -215
-366 8600
-217 5474
822 4284
435 6964
221 4990
-72 8227
-23 5817
5 6041
38 6297
833 513
828 83
286 3718
-692 8479
533 9624
656 5960
-444 67
-606 4254
352 9796
744 -577
-558 9257
-580 -568
-318 4209
-755 2247
-855 2915
363 7580
-400 5230
996 -511
834 1300
-969 693
-483 715
-280 6410
-27 4613
834 -182
445 7445
637 3941
-545 6422
360 -769
368 5610
-468 5192
-312 7164
-731 3469
-153 5664
-195 4938
-990 8088
415 876
52 8941
110 8469
-523 1622
-555 6535
-799 324
-739 9222
883 7762
303 8197
-400 6597
80 4316
811 6826
164 7155
-488 8912
-317 5559
-402 5300
-50 537
-605 3793
169 2589
-882 1872
671 -350
-900 1212
834 -182
880 8402
-993 7768
-704 2264
588 7718
-28 5169
440 6291
994 7724
734 8607
219 -840
-39 1323
489 6487
112 7134
-571 7897
955 8326
-504 6840
499 2329
173 5469
-177 5449
872 3839
54 8255
-621 1917
260 6489
695 5798
-453 8489
570 5064
-845 9374
-18 8075
694 5169
-414 7767
975 6084
730 -533
961 -123
699 6776
469 2717
-832 4083
508 6789
656 5781
-623 4885
12 948
943 5845
-562 4435
-98 6584
856 3983
880 8402
275 2123
-118 8216
-417 7607
574 2272
-574 2024
964 1563
646 1570
619 -733
0 3696
489 9747
875 9370
-925 9744
34 3442
-387 2294
420 2101
980 538
892 5126
26 1842
462 2428
683 8144
-184 5241
-944 5562
182 5703
-32 9280
-40 567
-28 2403
936 8117
871 3804
-627 2976
-86 4282
-278 6451
498 8947
384 -550
225 276
-728 9342
692 5376
-531 3971
-722 975
-660 8703
275 2123
983 2422
-540 5224
-662 2807
81 8118
264 4858
691 4444
-786 2649
241 146
-170 3775
461 4588
643 8267
-847 442
778 9015
82 9697
-95 803
934 2983
983 2422
-792 4554
214 3571
-536 779
-535 2095
-168 4420
647 8894
959 8983
-792 4554
-17 181
930 5173
953 7357
-348 4516
160 3941
57 5225
-107 3398
5 39
-767 5431
-688 9831
93 3963
-918 3726
-246 5521
-854 8984
173 9228
217 5312
896 1178
89 5846
-809 4435
140 127
-42 3864
715 8359
-106 8562
336 2551
-758 3677
760 557
-539 7806
767 7337
491 5390
-666 -883
711 7156
-400 -119
992 -446
562 1705
-306 1467
-940 813
-38 9481
440 5968
815 5712
939 6948
-507 1670
900 -79
322 3068
-971 6283
612 4378
-869 5142
-697 454
788 9894
57 4369
425 3147
633 -221
974 7261
-648 8721
-748 5166
539 5796
-186 6577
-204 -21
-160 6002
530 2127
376 7854
-576 328
-381 8722
-837 2687
841 5200
-667 -727
330 6717
-521 8468
-801 4999
594 2963
-739 7508
65 2467
-197 7737
67 6998
968 -828
-60 117
375 8616
-806 2177
869 9764
-17 181
-557 3285
-362 8910
851 8988
370 7597
835 1463
-340 8121
-566 1529
-66 1218
-695 9713
433 7530
-44 4700
955 8714
-610 290
-709 3689
662 5217
414 5796
175 6057
410 9880
81 6794
327 2484
415 5748
737 104
879 6075
-117 -937
389 3491
379 1218
944 8765
-514 9308
-35 9464
-499 2526
-739 761
555 1161
-729 7758
141 8244
26 542
-885 5268
399 2797
27 2182
-790 7291
-935 943
615 5232
-886 4047
926 3745
980 1888
-138 3533
-834 6050
44 7428
-699 1775
-220 997
-924 7852
83 8899
-539 1487
-639 5039
-557 3285
-172 7900
267 -880
-329 -268
-596 8254
955 7668
-660 4345
-101 6045
584 5172
-316 9364
431 1611
-867 8727
458 5
-44 1544
-178 6025
428 8549
813 7150
-690 3343
-307 5947
604 1233
-218 6612
-803 6623
140 -101
-238 -479
-562 9646
442 5333
605 503
-668 5415
953 8361
570 9932
-756 3788
608 6648
884 9105
-102 9003
-692 6663
-580 -596
-687 8715
341 9980
-517 5094
144 9030
-380 3896
149 7613
-659 742
393 -510
353 -102
-22 4923
-499 -331
61 3009
446 4286
112 9779
-54 7181
-574 -519
-393 4569
-700 -445
-502 5671
100 8183
-281 6595
-411 9485
661 7353
-104 4087
-747 7028
-232 1055
149 1025
-3 666
707 2563
-78 5264
952 345
353 -285
371 1823
-528 7307
-172 7900
-21 1236
-366 6873
-667 3889
-18 4161
120 7207
-21 1236
-793 4835
-523 9516
-997 3865
112 7880
430 6367
-924 226
-57 9987
-974 -114
17 5099
-860 7229
-450 2543
336 8546
971 -771
916 2613
-430 4004
-378 9355
-4 5795
266 4372
-890 7
225 7914
-605 1082
501 4558
764 4495
130 4510
842 2413
147 6583
-594 -674
-851 2186
-228 -459
-552 9352
317 4210
-25 6935
-337 5257
-768 -43
966 9160
-115 7366
-306 7152
789 8030
-519 1434
-793 4835
-215 5337
259 4817
243 2012
250 8606
-373 6380
916 -471
565 9573
-940 9238
-812 489
-642 6285
-795 2425
856 -262
-3 3663
-889 -919
83 8457
-663 8775
772 518
-673 -394
-241 9333
-215 4698
-386 6105
77 9198
741 7835
945 -44
485 4282
538 8212
-905 6174
-248 8359
32 4050
-719 8284
66 118
-411 -529
-302 -632
1 2067
-756 3045
-660 -607
-198 7192
974 3645
-608 3327
871 1764
-779 3753
918 9112
-789 7663
575 4388
332 5937
312 8039
-653 9870
-652 6577
285 3339
975 2388
989 8092
-450 2748
502 7655
796 -704
296 6813
471 4017
-641 1868
-986 6404
-916 6182
-902 8659
-451 6792
844 8426
735 3723
-215 5337
120 80
407 7497
-962 4531
-356 1883
361 -651
997 3594
725 4547
-201 2956
688 819
604 672
-641 8126
694 2667
96 2709
287 8688
40 9370
-233 7393
-77 2074
-735 6679
-83 3723
-719 6219
-231 6376
-222 4463
665 9578
-120 96
-764 9992
596 9137
925 7363
-995 7058
-129 1523
-490 1139
85 3359
-211 464
960 8064
968 3246
-837 8044
706 31
157 3530
10 2631
661 4155
-344 -585
736 -551
316 -969
642 7253
-932 4404
-402 1819
-252 5921
-187 5881
101 5325
72 5240
915 8770
-542 5507
200 9941
-230 8562
-263 -461
730 -236
-452 -188
783 4822
925 9326
-420 6047
-259 839
-249 8257
-816 5293
-886 3030
-560 -153
-989 6286
802 2502
-224 4925
651 194
173 2871
509 757
660 4838
508 5447
120 80
72 2148
-22 2004
324 8176
957 7993
-124 5720
190 8305
-967 1543
104 6010
-607 6263
478 3446
-562 -628
-825 9293
23 8405
-329 4728
427 7251
639 2572
627 8113
912 5959
-8 9278
-481 -887
-211 6672
848 7312
138 57
-126 7692
319 2566
354 9869
212 -336
61 4528
-735 4707
549 9707
474 36
-322 6997
-817 9361
893 952
-7 1431
-289 7780
-707 4504
330 8862
112 2184
159 251
912 8978
-308 8110
649 5404
-3 2810
-852 9222
351 4920
7 6156
-29 5425
378 8103
-403 8139
-802 8743
-507 2875
578 5879
-565 1980
338 3531
649 3771
-617 7080
507 853
443 9914
929 1351
822 5468
-458 -404
-628 7732
15 4218
-367 4514
-127 3018
72 2148
-464 7390
-433 9348
-326 8511
-435 290
867 7894
-447 5574
592 3849
784 7686
-464 7390
858 1403
138 1881
566 -75
368 3860
-155 8089
-400 -572
675 7510
497 6836
64 8170
719 7514
94 4119
-142 6118
-798 2667
-614 6453
471 4240
-856 8504
942 1259
117 9609
64 2379
-153 8305
984 6870
926 -21
114 3711
-76 6288
784 -529
758 4001
-10 6221
-906 4525
463 1906
-820 8889
73 5805
361 6572
-93 9627
558 9704
-925 3944
-172 1326
838 921
423 1959
-917 7681
612 2070
-189 2139
-345 -747
212 5353
67 7430
-393 3726
854 7858
793 8333
-153 9008
796 651
-626 6694
112 4429
716 9069
207 7216
824 895
-602 3607
998 3263
760 9121
17 1366
-513 4680
523 2157
800 2162
976 1883
858 1403
-650 6850
664 5213
-93 6950
-101 5077
-66 1582
451 9731
26 1560
-680 3343
-291 -749
-650 6850
238 9894
613 8207
-73 9201
472 9620
590 1659
-957 -661
280 9407
-178 6508
8 8952
238 9894
976 3589
337 2137
-73 567
826 536
320 1956
-644 7437
-727 -745
731 6510
-951 -348
128 5412
100 6901
-684 5436
77 7391
-470 5018
-85 5529
503 6413
-973 5660
430 6794
-725 7285
-309 9662
225 7693
500 4582
-774 6832
399 5080
83 1375
-202 2129
-355 7687
172 1931
55 1545
375 1385
313 3879
-725 1862
-41 2544
-286 5746
-624 9943
-79 2553
310 4495
997 2982
635 6380
404 7936
568 319
-992 4384
260 -871
-254 7053
-919 5606
-885 -391
314 813
-407 9493
503 670
-713 2923
901 8574
-269 94
841 1179
51 -289
850 2808
993 9809
-23 4213
880 1834
963 -220
863 838
237 6653
-441 9356
649 3486
730 -653
-488 6733
414 5585
302 8085
-125 5935
-919 5611
746 5276
-508 1073
-914 5086
48 9126
-781 8129
-89 3297
976 3589
-474 5592
929 4068
-692 9228
-878 8115
998 5146
-833 5084
293 6667
-913 7221
349 6130
351 5530
-933 6001
787 2661
-41 495
-68 8149
258 9623
-597 6618
-838 1395
164 2767
214 5166
872 1325
241 603
566 4121
-696 4082
557 6921
555 2741
-207 7516
42 3943
-299 7006
-656 4210
-256 5184
-625 -798
-499 4581
689 -331
547 1250
756 3367
-255 5947
478 1414
-716 -366
-353 7756
647 8796
597 2366
-3 1637
959 4364
945 6938
395 -266
-474 5592
-655 -280
928 9806
-130 7655
-310 -817
-955 2944
807 -855
-230 1406
-635 1027
-302 9780
-678 9913
-108 5347
-528 3559
-303 2376
502 2109
908 9243
123 7733
408 2526
-278 -896
751 8498
251 -197
498 6661
828 9300
-864 9335
662 9563
425 -725
739 2829
672 3953
989 8779
598 3877
-900 -612
348 -538
145 6237
756 6817
71 2607
337 5654
-994 1248
470 7609
-726 2056
-350 -120
834 -605
-325 4310
744 9313
-650 2796
19 2501
584 4051
84 2334
851 6582
-260 9952
-544 6922
546 5162
-675 7533
460 9202
744 384
596 8968
-48 6150
-728 6245
984 3789
-969 7282
-143 6509
-416 5251
529 4423
128 683
-386 1277
303 7386
-70 540
-549 9882
65 2652
661 2079
797 6574
-835 7975
382 9248
-998 8809
-256 274
43 4337
-253 238
-479 3425
-722 2286
286 7573
-888 4751
-536 3476
473 5374
-553 381
-655 -280
-519 5796
889 8785
206 6957
-104 5637
-471 3340
-212 9672
-810 2797
23 9586
-69 8761
-533 1056
754 4663
659 1338
-357 5978
-30 9466
702 8847
53 9784
-658 4023
-991 7574
913 1445
-615 9847
-740 -22
-124 9298
369 2749
478 811
903 5640
-243 7276
-217 132
-630 5825
-343 2108
85 1154
-35 1847
-984 5021
-35 4039
304 2705
-413 5976
-899 4110
328 8985
-486 7078
824 6571
301 9872
658 4954
801 3672
868 4835
-138 1213
-144 6932
559 8332
-401 1020
-810 -938
530 6520
-663 4016
659 2711
-519 5796
560 3768
699 2849
186 1382
-597 3147
-184 5986
1000 9190
433 157
-663 9536
504 -564
-444 1817
-845 7519
690 914
-694 7982
377 5867
-438 7482
251 8958
343 3049
-102 5269
-127 9379
-565 4776
-666 6433
253 3570
-521 7092
-963 1618
-788 7750
974 2219
995 -680
396 -484
461 -469
861 3961
-228 3592
-677 6555
-533 9256
-290 -245
-480 3162
911 -202
413 7996
665 4147
-588 6855
-32 150
-817 9274
-928 -237
793 1250
976 4052
558 4839
-475 -594
-624 7868
166 7814
-921 6809
-373 7315
-580 8264
-236 2854
-673 5198
-168 9346
143 3072
513 -517
-147 1761
440 8893
670 1852
-116 4730
358 3908
190 2789
-148 9279
-374 5612
398 2332
-8 7043
-102 3349
655 89
575 6545
-511 4486
-716 -168
743 2729
55 8585
346 4130
-896 7310
659 9655
560 3768
779 1237
-541 1535
-531 4599
1000 9311
-234 7377
-316 7097
-831 2310
700 735
355 6234
147 3920
-801 4964
117 2364
-9 -705
912 1052
-307 -615
-593 5123
631 4892
875 8707
-851 5071
-574 5248
965 7285
710 929
473 7312
-931 9981
591 428
282 7333
224 5189
145 -686
-312 -697
409 1093
929 9299
-424 2127
253 8994
-296 9887
779 1237
-85 5453
611 2889
923 3203
622 1724
465 -190
-386 750
465 7242
-556 -111
-33 8000
-66 1057
-85 5453
-444 7216
-359 6690
-860 7820
800 7527
-853 8142
-471 6025
-576 6186
-419 1117
-916 4048
-871 5061
868 3595
-287 506
615 359
-741 124
-654 7543
-694 3943
-47 -265
665 2446
-168 8784
650 5265
-167 4790
496 6777
-162 5646
-588 2134
711 4887
-489 571
-31 1658
402 1635
-154 2195
946 9187
-611 9716
527 4754
-444 7216
-244 259
-504 2619
-343 4651
207 4479
655 6409
983 8893
-749 5851
717 7504
951 7062
-994 691
19 -1000
-504 9536
-275 612
-57 -714
-843 3898
615 5257
-706 8978
170 9641
6 8804
962 -130
-350 1780
480 8183
798 5926
-209 6984
252 929
631 5147
-257 5351
305 3585
-574 8838
-927 9800
-636 7384
-183 3250
39 4443
-914 8340
969 -514
938 7874
-917 -233
416 6112
-713 7054
-422 5101
130 6220
-785 3716
598 2882
-214 1720
-355 5367
874 646
-955 8771
-284 2689
-201 9066
433 2950
-229 872
-380 2086
441 7138
944 8614
655 2723
879 -484
551 2581
402 7441
888 9854
726 3651
937 3276
-970 369
593 8478
-506 9458
573 4652
503 4144
-750 3053
491 -391
269 3328
198 8375
-665 9408
892 4100
299 93
93 8025
303 7384
-469 7022
-436 4269
619 9886
-244 259
-493 8558
-196 1126
566 9793
896 985
871 421
642 8168
786 5426
-833 5268
843 2670
-388 1056
116 1302
-220 5878
-886 3493
652 7454
553 1666
-185 7215
-982 4013
134 3389
94 3679
408 7526
-722 1851
-555 2910
-772 7403
562 4867
81 3578
492 1004
-95 4920
-787 6362
143 9579
-493 8558
66 5426
-587 7479
-209 8691
-182 2613
701 3690
9 -430
-579 9937
-104 4883
999 5147
-34 8689
814 4153
-67 1180
-748 9195
-774 4340
548 4999
-588 1218
491 805
-130 3535
-399 764
546 6595
283 1497
394 8319
511 8683
68 1640
172 8422
-138 3257
300 -548
-674 1531
-917 -707
629 2925
-286 8104
425 -773
-882 -97
96 448
837 1507
953 9193
-333 9810
598 943
-767 3059
-368 2858
-37 1422
-726 1862
469 5450
680 9216
880 4173
-39 9017
-435 -62
-75 4224
-934 739
-778 3083
-624 3439
-299 6188
-478 -833
-829 4369
-356 2574
-975 6627
937 482
-258 1456
-881 9366
-517 2851
-12 5602
-495 3416
-841 4274
812 6797
-600 442
-242 7655
-68 3330
772 1534
-841 137
-996 6312
464 8110
-317 -373
458 8074
407 5141
73 3434
567 1488
66 5426
782 443
233 6434
932 4728
-973 4194
881 2715
353 4032
391 9118
805 4175
785 -717
515 -561
-874 5499
714 3148
300 2158
790 1399
-926 6477
-825 3327
-504 2642
375 6551
-685 9480
106 -992
885 9715
-915 6888
-690 8809
-501 8245
286 4950
-19 786
223 8785
-343 7986
-220 244
749 6257
64 293
-240 -736
955 6594
588 8923
-10 8803
90 4654
-113 1463
-75 6433
-469 6017
300 5210
934 3910
771 2912
154 8991
-224 7884
639 7956
897 9572
819 1310
-819 -536
-326 6845
-321 736
-55 9274
800 6123
-716 5946
368 902
221 4048
541 1144
-635 3547
-65 7247
-994 1985
-516 5001
-56 7695
-292 6280
782 443
794 3457
625 9641
36 8103
-629 3288
379 3969
810 1946
-733 4014
204 1111
-19 6912
262 5542
-198 8247
586 -697
134 1238
-968 5707
-205 -903
-784 3444
-239 1313
660 6960
94 6354
-599 2463
-841 6588
568 5312
851 3509
-738 6464
958 14
-875 6386
618 -15
592 103
-936 8303
-982 -959
-727 2030
718 7238
-656 2671
574 2614
775 9449
440 5595
278 4275
-795 4611
-550 1621
536 2360
-258 89
-793 7094
522 1313
-226 2398
-741 -734
-66 2019
-327 2406
564 7781
201 2316
1 2919
375 3295
885 2561
435 6791
-814 -287
179 848
479 9177
-69 3644
245 9575
195 812
449 919
376 9013
416 1139
-760 -358
-577 8763
814 7287
-4 8541
280 9507
-446 8207
640 8989
507 6099
885 3882
243 881
647 1956
-2 2434
-665 2349
832 9820
794 3457
444 3852
593 378
-224 4223
-280 9327
-313 391
-637 1770
-264 2406
-822 6721
551 238
-476 4974
-71 1649
54 2411
-418 4593
-74 9453
480 5281
85 5723
444 3852
-920 1561
213 9115
228 9787
130 8674
-88 4436
-195 751
-431 9566
-467 5068
97 1518
-128 9073
645 6386
-405 317
-341 8254
-135 688
829 9091
-993 2046
-843 3168
615 4948
619 849
-488 9591
-221 9374
-460 4119
-360 3697
424 4402
-958 5124
332 6785
-457 7639
768 9566
633 4821
-350 7288
417 1536
-920 1561
920 9976
-786 -812
378 5922
-266 9329
-851 6636
-794 549
-88 9829
-654 8722
48 187
881 8114
-502 4905
509 8003
119 2015
-571 9628
-475 4862
955 4436
-822 7715
-649 7836
773 1139
-58 -585
-485 2922
-46 3412
19 8955
-217 3502
-169 3201
687 6925
198 6685
367 -781
401 8004
-512 2821
-775 358
726 4686
-27 2512
-845 1991
643 3882
369 5721
177 7142
263 8581
655 8370
-920 -633
133 7499
-324 3215
116 4651
723 888
-8 9030
464 438
330 9219
524 7711
94 2647
-243 7294
820 5422
-92 1677
-423 5026
614 5322
-873 94
59 2144
59 4682
920 9976
222 5644
445 6628
836 4934
-50 6400
-104 3166
174 4389
829 -596
949 9160
883 9753
955 5009
-539 9
249 8405
401 3983
794 684
-742 2945
900 2732
-135 -65
235 2040
-608 -340
813 169
274 6316
974 8212
623 8691
527 8743
15 8541
-932 6123
222 5644
-424 5174
-945 6492
-804 1992
-901 2698
-930 6845
519 1061
-753 1916
100 -496
-871 2687
206 6466
-382 8544
353 1618
-439 8852
785 9405
-992 8339
-676 2871
-694 8681
778 4747
83 9605
589 9837
307 8908
572 1424
-638 629
-567 9703
-707 7480
-682 7064
-932 7883
598 8323
441 7778
-720 7393
-435 3657
-273 3931
-661 -18
436 6518
852 9242
756 1253
961 5977
-237 4720
485 5582
150 6432
-966 -730
259 -629
248 9006
802 3641
-94 483
570 4303
279 8957
-788 7674
-68 1918
945 7237
-63 6172
-585 9570
359 -900
-140 3014
-916 3490
985 7707
741 2360
-691 7034
-889 8586
-830 1216
415 9962
-926 803
296 7650
-424 5174
-207 2707
258 4059
-608 9882
396 8858
-184 202
-829 10000
750 7358
719 4865
-528 7587
-609 253
-743 -241
675 -698
-401 6428
952 -436
866 6165
-916 5379
378 8445
-114 347
619 9804
-608 9974
-207 2707
767 8289
869 9038
649 8177
-743 6857
-621 4289
186 7811
621 3223
550 6732
488 8840
355 8326
-166 1819
932 553
546 2609
60 2898
516 9256
-73 5672
534 180
-287 7705
767 8289
288 9068
707 1805
90 4684
-668 9997
318 8593
739 6102
535 921
-994 291
-606 -20
207 3164
-230 4365
-539 539
962 800
667 641
1000 2903
708 1683
288 9068
844 5303
814 9080
273 5027
-509 8406
897 3381
-339 1084
-865 6019
789 8914
263 9880
196 3831
556 7122
-586 1697
-427 8531
-950 9690
697 4114
-803 1750
581 7024
74 2058
-876 -413
803 9087
-804 8992
-750 9036
338 736
507 7850
-282 7357
-465 9917
-747 2741
901 3349
105 5817
-540 -318
-104 6383
817 9160
957 3565
-160 6520
-637 1175
491 9083
358 3664
603 3455
793 1010
471 3402
751 7681
852 5543
-548 8486
-527 2958
851 2203
74 6980
-516 4172
675 8134
382 6697
475 9155
200 5151
-765 7593
-158 7299
440 3473
-689 3455
-382 7743
-387 3135
-649 172
943 5457
-149 -524
913 4587
-925 4893
331 3015
34 144
-533 8330
-439 -916
540 9772
123 1369
625 5827
192 8434
-640 -261
-865 6547
-724 327
854 8706
349 5862
-143 9707
-827 4161
-442 1307
695 5095
662 -135
970 6193
844 5303
782 1894
-934 1624
-741 3434
241 7147
686 7241
-295 6031
880 8719
273 1927
913 6759
-641 7112
-119 9027
-879 2180
-585 830
51 3049
774 7667
71 1051
109 -158
916 6934
-742 7385
106 6473
548 -24
-263 7562
386 2502
904 110
815 610
704 4653
453 -570
298 6475
843 7280
899 714
-885 2465
-773 1039
276 279
319 1016
-160 -501
-194 -705
782 1894
161 8500
-933 5622
544 8210
330 6633
489 6650
161 8500
-769 5405
-47 4624
301 -659
-595 6708
-258 725
-108 5340
-540 8076
-398 5483
-752 5432
-831 8205
-977 1445
877 7919
-5 2155
497 640
906 3630
1000 6263
-911 3988
-126 6512
-303 2813
668 7605
-9 9140
437 -492
389 4284
-556 3535
366 9147
131 1053
771 -352
510 1491
904 9887
-274 7269
-36 -325
469 2970
-846 5290
-187 7826
775 8679
330 822
-617 9073
-554 7187
-210 6907
-483 1841
548 2476
485 1416
523 8876
-597 4583
956 8711
638 8570
-486 830
-354 7315
511 6189
165 7081
-281 1742
-507 993
932 551
-285 1379
858 1458
-419 5892
129 6817
-291 77
-826 3322
130 7904
-620 8023
102 -476
304 9856
561 4952
-875 3614
13 2129
298 2620
-262 7975
709 4431
-469 6726
922 7214
542 9119
710 6763
693 9002
874 1890
755 7901
49 5962
-812 9465
-769 5405
252 8387
700 9594
584 -572
-794 8817
-45 6593
-107 8419
973 9536
252 8387
645 3529
464 9322
-927 1386
610 4162
150 1820
-973 9597
337 9009
-643 7022
241 -867
135 4049
776 7468
-978 2779
-24 484
902 6074
-381 4253
610 -338
999 -146
-404 1318
134 8091
41 -4
372 9535
-111 -849
824 2529
-458 9509
585 9095
-633 2608
592 9638
-4 6978
111 8176
410 -420
336 1688
233 2108
-71 5342
337 6909
-614 9447
610 9765
-912 4895
-732 4819
201 3964
608 9581
747 1876
-413 6370
-594 6342
790 8915
-660 1526
470 9789
560 3584
-572 615
-410 3858
520 97
-788 6637
-741 3742
798 4987
-299 9885
-762 7527
-697 127
925 6785
531 6946
-70 468
-543 -544
233 -504
-282 4201
-901 8040
502 9466
586 4116
308 8343
-304 4984
315 7023
-305 9294
-353 3413
912 9183
-782 2935
-908 9858
890 6364
-703 9863
200 5687
209 -458
894 2734
79 1756
70 6519
645 3529
688 5064
-857 2533
-390 8156
-252 5513
-690 6401
-454 8915
-673 6844
553 4953
-1 -395
-562 -80
-228 7392
207 -741
688 5064
-382 -700
100 2294
246 7453
-884 1119
-404 2726
514 7479
786 4863
280 8911
-260 -645
-849 5490
236 5450
489 6296
784 4495
-184 8223
-836 1788
-65 9855
888 2348
240 8199
917 453
191 1052
217 4751
-918 353
968 3202
431 -810
401 5314
56 1606
-986 5057
-364 -65
-33 1301
-244 339
-986 9207
-701 8075
-657 9855
816 3812
474 6602
-871 4399
941 5979
-502 269
496 5187
-823 -407
-908 5957
-660 2207
-363 -809
440 5460
404 9631
-501 3293
-381 4380
-82 1622
422 8839
580 -189
-813 915
-470 -553
-875 5092
889 5808
93 6493
-56 8205
993 5043
612 8897
-382 -700
-208 6937
-202 1845
-905 3898
-154 3741
-208 -665
191 3773
-500 2576
657 4318
-577 6737
-156 9141
-124 3872
-838 6661
-26 -247
-161 6090
640 1963
-364 7400
903 9746
-876 7072
623 1063
-681 8729
-4 9947
87 2978
-748 5736
-579 8153
340 5633
619 7728
-987 9033
782 8
32 2746
-506 1699
-248 1235
-314 6055
977 177
910 8765
821 1271
211 6283
-333 8778
-114 -776
-628 3528
-621 5631
155 2236
388 -981
-262 5068
589 2199
-516 6327
-817 155
-148 4486
-885 5876
-422 9056
-720 4018
-494 8872
-208 6937
522 2604
983 6159
-138 7622
782 8253
395 777
-302 9362
904 3078
-909 7253
438 1848
124 6826
748 8985
473 -964
-725 9563
-446 4953
885 4276
-318 8742
-696 5676
-575 6036
-976 2508
848 9294
-464 3169
-246 6856
-204 6845
-342 9647
884 -978
-181 8794
-852 6772
204 9176
-801 7328
346 1799
-429 905
-768 8153
-219 5085
-786 2835
269 7697
496 7505
-282 6588
338 289
-51 2336
522 2604
-859 8021
437 3364
-405 8003
839 9589
145 -522
-548 8801
931 6862
-759 719
571 777
402 5111
116 -716
-700 6893
509 8375
-161 947
-700 5652
-868 2476
26 7025
-678 2260
488 6192
-60 2554
-70 6122
-525 8542
141 4779
235 -686
-255 4981
337 7606
-811 7889
700 4387
563 8306
-317 6300
946 1965
-435 5498
559 2708
329 6281
106 4322
554 6134
23 2639
-792 2993
-460 6234
256 1014
251 4252
371 5393
424 1923
-53 1611
-387 6826
-182 2578
-100 4424
-8 1137
73 655
889 5912
412 -202
-454 -385
63 4518
-203 4991
-262 639
-714 1627
-834 -362
-859 680
-690 60
624 9603
-165 1907
-917 6762
-859 8021
-885 2847
-348 308
-840 4231
-394 4197
-48 1980
7 3834
324 -985
-539 2039
563 8051
-384 2332
-885 2847
-778 7910
697 4874
-757 2613
-597 2321
-523 8641
859 9930
-583 6849
-856 -748
791 7540
109 6873
544 4975
-530 3622
805 6534
31 5545
465 9627
828 1251
-408 144
-534 8437
266 -557
51 4363
-857 2828
-413 3305
-533 6128
-935 7677
105 5782
-276 9686
-610 574
783 -726
940 3671
425 7212
395 2985
-397 -681
-690 9506
109 1208
878 9693
-614 7349
-849 514
-972 1146
187 1071
357 -588
266 1463
605 7425
672 4887
-875 1244
825 5798
-918 406
764 28
938 3563
989 49
-367 6710
145 6062
-697 1989
-916 4903
774 5100
-409 7075
-307 6544
-261 1357
493 2064
646 3962
-540 -27
-54 -785
500 4653
888 1279
-778 7910
496 4305
-182 1887
-954 3078
48 1838
329 2045
713 9835
-269 -958
744 153
-308 3539
-760 8453
-404 7876
-532 -999
-630 5160
-274 8694
228 3168
-312 1095
-7 7551
-22 9892
904 3157
-140 3452
330 3851
-117 3586
-314 5461
-662 7133
-640 4749
-200 3585
165 4441
5 5687
423 9451
159 2184
-6 7762
-727 6992
541 -127
-75 1047
250 6298
-400 4805
267 1531
958 7351
83 9590
-44 8630
-566 4645
-837 8446
770 4873
775 903
262 8520
-871 3485
100 -288
-501 9196
-989 2590
435 6358
441 8015
611 2410
401 8167
815 2147
501 9721
-453 5720
-757 4751
73 1550
-443 4664
-198 5528
-394 2236
468 5940
30 3174
881 8348
960 7638
-827 8408
-166 5851
37 6854
-450 7169
-173 3266
-239 2591
894 2834
-188 270
-497 7888
447 9955
-722 6209
-283 7107
617 5396
-532 9374
215 3914
824 2832
496 4305
-532 4634
23 7764
378 3206
376 5265
-637 6843
-491 3374
-806 9539
841 5631
-3 7164
20 5566
292 -407
4 42
-520 5404
418 725
-854 9600
-375 5270
323 2529
-203 8160
-487 811
417 -959
998 4639
820 939
907 4561
-707 9029
439 5987
-467 6877
602 194
-795 2556
-567 4296
109 3301
134 9665
83 652
97 2053
-639 114
896 8732
730 -566
-727 3919
-330 1606
-315 2073
880 6863
-824 338
-357 7444
-611 7211
489 886
788 1948
-521 9507
-132 5407
-181 9983
259 9448
-703 1330
512 5834
-440 2840
-991 4393
-727 6701
-32 9188
346 9310
729 3985
-35 285
-957 7590
339 4393
-337 6280
-109 5487
-565 5363
337 -53
-397 3476
-846 407
-772 6158
-641 3784
474 2352
890 -481
-583 952
-90 -355
919 4166
-532 4634
-877 3442
231 -343
456 1205
621 -301
-215 3439
743 2516
475 9196
-195 4990
-901 7802
-637 6976
-877 3442
382 2175
998 6208
256 5939
-915 6315
809 564
126 1998
886 8213
-606 3623
-379 -952
-581 2209
451 -281
7 6656
-981 2211
437 -312
-592 7473
356 555
693 5294
258 7212
-225 5211
865 2720
984 3658
-905 9300
845 3589
-922 -326
-134 9756
296 3266
-470 4709
190 7154
522 6719
523 2291
-923 7690
382 2175
779 8771
795 8914
-270 6968
-293 9666
-294 5536
-953 3246
116 8754
587 907
-775 8472
834 5242
-582 9521
-589 8033
699 520
552 2289
-87 7020
153 213
-620 -99
-852 9369
1000 5808
-842 5443
-496 5477
213 2491
527 4817
261 9798
928 9974
713 9255
-35 9835
214 3405
-616 369
645 3852
-47 9500
-796 4648
-828 9309
-796 7478
478 8658
83 1070
812 4355
-386 -857
894 4268
337 8307
-671 2165
449 -947
700 6801
990 5214
-77 9887
-229 9130
779 8771
-417 3589
118 859
622 9677
-603 6134
131 7511
349 8014
285 7451
-266 8080
926 5181
-952 1392
-841 9661
164 1435
818 3899
-155 5305
-129 3613
375 8367
-762 4494
886 7326
-147 672
-325 8462
-915 9398
-633 871
-918 7251
-12 2117
-231 8246
134 248
655 2330
-960 7211
539 6013
505 -61
-523 8494
436 1901
-619 438
-947 826
367 3878
446 8410
-155 3952
808 5390
547 1587
-965 2970
696 5237
151 2094
-941 2210
527 1501
109 7095
878 -369
269 5067
-300 9361
-726 2379
267 8451
-715 8911
-565 5619
-777 9210
-417 3589
-82 6483
110 6560
871 -681
-807 8083
368 9674
497 5043
-883 376
169 -580
765 4324
793 -334
861 1637
-377 4984
751 9703
224 5029
-235 752
-525 1756
593 5185
50 6847
-555 7276
-75 8646
898 2662
-388 8111
969 7286
280 2043
379 3637
-683 7508
803 5150
200 8221
747 8611
-763 4550
-448 9192
-865 9965
-457 3013
759 1773
-164 -642
862 5115
286 470
-848 9750
-507 4001
-883 5886
718 9999
-345 -742
-505 4042
-783 8962
-921 6470
310 6988
963 9576
249 3929
116 5500
-406 435
468 8579
-82 6483
-226 9912
192 4517
-212 7029
-203 3014
541 3897
-239 3767
190 96
703 844
615 4748
443 7378
28 3884
698 1681
-443 5935
-970 7112
286 4297
-366 5415
-420 1370
223 -443
340 6487
29 3081
-518 1373
-518 9077
243 2545
-248 8470
-941 1394
-634 8609
79 8554
-64 916
135 3194
-394 5845
-442 9614
-378 4496
-813 8314
497 6555
343 5678
588 -300
804 4105
-789 -788
-490 4535
57 8111
294 1767
911 -992
756 9605
694 9975
255 2850
-138 5374
-811 6550
-647 5207
815 1568
-331 839
56 3499
847 9128
-885 -890
713 5823
-157 9522
-725 -377
145 6500
-829 7435
753 5968
995 4145
-646 9414
359 258
-480 8269
45 6163
-341 -405
395 -20
522 4199
57 -993
623 -339
512 5871
-659 9740
403 7085
-57 9242
-464 6484
-978 1273
2 3699
-284 5461
-510 8728
-587 3626
685 7784
844 276
824 -752
-226 9912
-818 3895
-864 5708
-847 8660
-823 3635
-420 8561
416 893
-402 3911
-890 -616
391 -134
302 8507
-782 2088
-835 8538
721 9338
790 9434
848 3141
-436 9826
-597 5808
-963 8204
-570 3584
8 3766
164 4314
-909 1513
-728 8852
77 504
154 6446
-851 9745
-828 7909
503 7769
-711 1743
318 9221
-25 315
360 1256
-186 -545
-185 7875
206 -599
-94 4693
521 8318
-463 3557
0 1550
-177 9219
-531 420
-7 7493
-624 3001
865 9092
-472 9150
-956 6235
825 6408
117 8897
429 294
-660 6217
967 2128
-45 9899
37 -525
-234 1466
-22 5711
793 1741
717 4995
100 -106
-767 8870
549 9632
-658 4781
396 5962
-340 39
531 8744
-85 2050
-818 3895
14 8742
-417 4782
846 7834
630 3931
971 5231
-194 9413
588 3915
-993 698
499 1005
-846 1012
87 1698
-415 5570
-240 6162
-754 4703
-292 4530
-584 1413
843 8751
-948 8559
488 5572
166 8906
-441 7714
289 3097
-192 849
-876 5792
-898 1617
-541 5720
-427 8247
223 8362
272 2751
835 9512
-73 -559
938 2351
153 6911
-157 5837
77 9438
542 5688
-116 6980
-646 8850
114 532
-856 2766
881 -893
-35 9948
851 6376
-146 9151
926 3400
14 -260
543 7655
14 8742
-709 9369
-853 491
-804 2027
547 5086
-608 2537
935 9638
-831 5022
525 5919
-357 -562
311 -974
384 3230
910 94
332 4371
-984 2670
926 7687
95 8134
-89 2101
-519 2701
-776 1541
41 107
802 1337
722 6190
299 -537
-929 5853
960 3074
-241 534
-215 -399
-708 3036
206 5755
-917 9626
879 1078
-941 9028
804 815
-991 2890
-672 6680
-804 174
533 7346
-627 2519
957 8025
-656 773
472 3084
-546 3117
196 2120
-551 3971
886 1245
811 8477
-348 6333
335 5955
643 6158
-996 1912
578 7316
-855 1572
-836 -819
420 9618
-990 2520
-962 8273
-302 2201
493 8129
221 -381
846 3585
441 5956
-565 9247
110 3931
359 7407
-124 8883
-841 3977
155 4761
72 3989
-995 1460
-37 -65
-733 531
-781 4020
968 7429
856 4959
-709 9369
-796 8487
-501 1888
-908 -28
306 3609
-427 8028
378 334
525 6191
-100 8056
-441 8705
980 5640
616 -23
687 2669
401 -27
-952 1451
831 -703
775 8410
286 6675
-204 8426
838 5852
81 8529
807 -892
-18 1975
-870 3
-656 5678
699 -471
619 8924
-74 441
-109 5241
188 9462
-796 8487
-293 6135
-886 6551
465 -235
676 8163
-124 3972
474 9185
627 4538
-888 5233
-23 9233
-217 -948
-370 1279
-469 2104
685 5170
502 5503
897 534
-819 2973
570 529
-569 9202
127 2042
425 -990
694 1134
-14 4253
-319 1774
-802 8918
452 4333
888 4631
213 2727
612 -266
694 6634
-554 7193
720 6857
-93 6233
-217 7672
-24 4441
351 6246
449 -522
932 5312
-484 4698
-164 5489
934 3377
954 8253
665 2884
-293 6135
1000 -305
64 7404
515 1569
-440 5418
-776 9106
731 6490
487 7717
857 4617
-157 6214
-39 3090
266 3805
1000 -305
110 6147
460 4711
566 4938
-897 -769
-275 8074
551 9920
742 1125
-585 8403
-46 7065
-241 5018
994 7103
-499 5774
589 5914
-362 5065
-247 3070
950 1181
294 7063
-641 4723
865 2259
-697 6281
588 3576
-134 7955
519 8838
-227 9842
-300 6064
663 4764
-144 8077
66 8542
-884 9375
411 4726
-385 5885
-724 2708
-709 4018
-123 -67
26 5892
403 6458
-599 7425
126 2281
-471 5163
585 658
-650 9049
-893 7342
235 9306
-469 9655
743 9783
-527 3911
-439 8078
-10 1224
924 5271
110 6147
60 1164
-485 -725
526 7881
-375 9600
-82 9183
-164 9041
-710 5369
451 8428
414 9227
689 4047
425 5386
455 5465
436 75
29 1966
390 8345
-897 2230
860 5455
809 8599
932 7617
340 4812
-829 4578
967 5202
-432 2154
-306 7626
293 4682
998 7322
-965 3581
123 594
-139 312
-556 -184
-712 3899
321 111
60 1164
748 1666
569 9264
469 6831
520 9183
-722 7736
-881 6194
471 5557
650 4830
357 871
141 9811
-819 321
-57 310
281 1505
-208 1117
-142 4466
286 7583
884 2343
-335 8357
-117 -876
871 6900
693 4189
880 1638
-297 1039
474 5154
-739 -528
213 4053
243 3111
-379 9415
652 3339
929 5939
-606 6391
748 1666
-787 8895
78 5886
-538 8320
-355 3899
-997 6450
275 5395
-683 6538
-223 9365
558 2733
-770 2726
-432 745
-662 6540
-438 2348
-728 9732
700 4533
-879 7472
165 -689
-546 870
240 9064
-421 414
-732 3060
-945 418
-664 2813
-898 7854
-722 7469
542 7100
203 7084
-692 2704
-633 5638
-910 9126
406 3993
555 2186
858 2045
523 8654
-931 3351
-685 9405
-331 644
-220 8093
-206 9148
-986 1718
-848 4802
-401 412
398 9052
-156 3013
-654 5968
-319 8134
409 4925
-768 -744
725 7504
885 622
-82 164
585 4005
-966 7292
-274 6351
612 4183
-787 8895
709 1212
367 1968
-162 8037
-183 3090
850 8947
-64 7611
778 2284
-998 4503
-295 7161
-931 2595
-992 412
-500 8523
711 2680
-739 6543
185 8943
-164 -31
709 1212
-302 4359
138 -693
71 6283
-797 9670
737 8178
769 9771
-191 -197
-738 5338
-39 639
-172 422
-902 3233
481 7791
796 2066
-924 65
133 891
634 1674
-41 4378
164 7320
828 1049
904 2815
11 8120
978 5195
692 3381
214 7593
-424 9227
-754 3333
287 7649
591 4064
48 5803
-302 4359
