4084 9514
619
343
2191
2111
986
40
3182
848
3807
3986
2388
3866
2888
1873
2319
994
2630
22
1656
536
1431
1398
543
693
48
617
3206
2466
1487
627
68
3050
1129
1882
107
2467
2459
3859
2558
2337
2918
1068
3192
2742
3771
1130
1232
3975
1588
3738
82
3401
874
2841
364
1230
106
2068
1675
4078
1785
1814
471
2819
2511
599
2628
994
3830
1076
2506
3196
380
1381
2108
1657
267
712
1447
3803
1572
665
3452
686
3619
3595
2901
1253
1887
779
1259
543
480
1051
1190
724
70
3542
2442
2426
1134
1808
1191
3608
2727
60
3158
2492
3594
244
3807
2997
789
3363
2399
1657
1615
2202
1931
3252
257
1273
1898
1401
2139
3362
1138
3490
1158
472
3134
986
2975
3805
972
445
564
175
490
1346
1098
2550
2670
3216
2473
1618
1061
1857
2144
1134
3525
3754
3267
2711
3334
3217
3387
2695
1197
607
65
1166
455
3269
252
3398
1051
271
1767
704
1298
429
3423
354
2857
1719
3720
2767
2161
4048
1465
2213
2521
2178
1409
2381
1882
1462
1155
1954
716
3440
1104
3511
1846
3351
679
1046
8
3908
2352
3329
1397
2603
716
1451
3250
2872
3709
443
1683
2196
2187
2904
3923
3060
1709
2045
827
3299
2650
3732
990
2592
2109
3882
3123
3085
104
2177
3109
3270
1089
2520
1458
2698
2059
141
3820
173
3550
2507
519
2139
3899
1940
2507
2980
3608
2732
272
425
2330
1656
402
1918
3487
3076
2332
3875
1470
1391
3434
576
650
1970
2661
1234
735
3879
2573
1512
1272
587
2281
977
1186
3720
1955
672
1862
58
1205
3101
1671
3447
3442
3643
588
2859
807
55
1576
2929
571
2171
381
456
1172
1260
1630
3970
434
2726
1938
1997
3055
839
1646
3369
757
759
2239
1715
3316
364
3412
2080
2329
493
39
2841
982
1605
165
2327
387
3733
1432
395
1029
42
2452
2120
824
3263
703
3544
3383
249
740
3663
2814
1087
2233
568
3012
1752
1493
4023
3981
1527
2031
2133
1304
2932
4066
3709
180
1352
114
1728
3553
131
1528
1921
1882
191
2379
3097
42
1186
2898
3254
3904
1696
2332
1561
3612
1439
892
685
3165
1980
1939
120
1723
296
4035
1043
2266
1811
1955
3654
2395
1310
1076
2476
1891
991
1413
257
135
2802
680
2441
3000
3886
1665
1333
3381
1793
3075
2996
1970
1810
2457
3742
3266
3644
1598
3613
4032
1497
3935
340
852
705
2103
1948
2506
3541
1575
1590
1740
334
1404
744
2255
1225
142
778
1063
850
679
2300
2042
2013
1634
1389
2668
3286
1346
3986
1221
1709
1562
1433
1053
2097
406
859
457
1059
26
1092
2272
606
2854
3687
893
1334
3719
2191
1496
324
26
1546
1931
3980
2469
1002
334
1169
2106
1401
3105
238
54
1270
1977
1621
463
3828
3952
2516
3095
2242
3528
370
1998
1182
2165
455
1958
939
2050
577
3252
944
500
2791
2753
2519
2243
3346
2920
554
217
1895
1273
1664
2302
2372
1740
3026
1503
3676
3053
1766
1201
1816
540
2185
2570
2953
696
1618
3441
3270
2944
1
2812
129
993
3709
1319
1228
2362
1652
3881
953
3012
2110
2929
572
3921
1987
233
2319
3123
869
1570
979
3314
1785
2818
1868
902
715
982
1291
204
2832
2644
52
639
3791
205
2988
440
1214
3745
3562
2409
1878
2099
507
2235
1992
2941
2535
885
2083
715
2839
3651
301
2838
679
1917
745
990
3264
226
3773
1247
3050
3214
3693
3922
2891
282
2564
2958
3685
3645
3430
3579
1886
3585
3608
2517
1536
2073
3712
3575
1758
2967
1168
2894
173
4052
3081
497
2328
3597
3718
1557
1211
2803
1490
426
1207
974
1498
3684
1687
687
2262
2
3846
934
2091
417
1084
3908
3617
3489
3448
2684
3409
625
4022
384
2348
3107
2823
351
387
3427
2474
2657
934
3089
699
1490
1353
4035
3813
3406
1693
1685
535
1942
220
2688
1627
3457
2167
2084
3740
935
1053
2183
614
383
1057
1949
3658
1876
1459
3597
880
2908
1561
2358
2702
868
3414
2465
4059
3071
2188
383
3955
672
784
2708
2569
3779
1713
1682
177
1778
2666
2266
1821
973
2642
1686
645
2228
4040
3854
1921
122
867
908
505
3447
71
1462
3315
2204
1497
3068
3599
3353
2814
2753
3637
830
25
2703
1617
825
3876
3370
578
3089
2507
3845
195
1007
3594
937
754
1916
2422
153
2635
1026
3719
2224
1421
2285
3134
3619
3481
3511
284
53
115
1659
3310
3745
2224
1078
1443
2789
2455
2830
659
2617
205
2901
2979
4051
2069
1189
877
2389
940
3408
190
1554
1496
2879
48
3654
3481
3621
2061
4054
786
2362
3507
329
3176
1299
2252
3164
1467
4001
2137
1168
3826
1425
3915
835
2830
338
4017
236
2784
1943
2321
881
2113
1438
2795
3306
2510
2581
744
3056
4000
384
3233
3391
2966
3278
2528
15
867
3130
1638
3617
3936
1847
2937
1498
1682
635
847
3368
282
1468
949
1077
933
2161
854
1865
1343
1319
1600
3286
546
452
2259
748
3730
3857
3467
3111
2413
2836
3453
378
191
2561
4072
1269
3527
1952
311
4035
3269
3289
791
3655
2751
3340
3921
2839
3373
608
3298
4031
2322
3496
635
2546
2010
614
2331
2567
487
241
4055
4046
437
3435
3429
1322
1469
1189
3333
3320
2982
1610
2680
3406
808
2525
2909
805
3650
3913
4016
1719
1445
4058
844
3655
1977
3478
359
995
1398
1774
1778
919
1129
1508
3811
931
1779
3474
1286
3550
1168
3971
3593
1828
1114
110
1248
919
3564
385
3600
2147
575
2023
3364
214
3945
1050
3804
402
4061
813
3567
2430
3827
2424
1302
2964
2198
3446
660
2840
3816
4071
1438
221
3311
3939
2239
2004
2964
831
511
1225
2610
3383
348
86
226
1278
3385
3131
3100
1069
917
2819
1842
931
848
3998
2552
1073
3445
1274
2743
3622
3535
2044
1447
3633
1791
2360
1024
136
3077
444
984
3889
1538
1998
3953
4029
962
408
998
1244
136
685
2914
4019
3540
208
1788
2363
2014
2913
345
796
1394
2327
312
2747
3375
3091
2310
1659
2143
1075
566
3735
2284
1069
3447
3207
2735
571
216
317
281
1487
1395
1932
3824
3788
2008
2380
2637
1842
153
2469
3171
2615
120
3827
617
43
3921
698
3493
785
2865
2900
3753
638
2251
2251
1126
1975
3884
3977
2265
1432
805
3911
1191
3705
283
3459
721
1510
2374
2568
1202
3832
3047
1111
1908
2122
1405
2400
659
2235
1049
2376
3468
3463
611
3527
1624
571
3179
2189
3231
852
451
3158
3996
3274
3533
327
3087
1109
2664
3549
2723
2108
72
3019
1100
919
2419
1280
3335
2514
2847
3447
2492
2429
544
1632
3147
2399
1167
3532
713
2697
3205
3687
3428
958
1031
3257
3242
1879
3776
1327
1772
2039
2189
3753
977
1510
1232
2778
3589
3285
1843
3219
2127
422
3054
711
1204
645
489
3188
1817
2319
1500
147
2338
2135
529
3348
2369
2068
1849
1131
2671
2139
4042
3514
617
1130
1081
898
1825
2242
2933
3788
1552
460
368
349
2866
3532
294
1394
1017
2555
957
3013
811
1761
197
24
2627
3708
1260
3644
2890
1470
1594
2762
3114
97
3377
3637
2221
3371
2281
3635
2587
706
3628
162
3078
3200
1347
2309
2012
3137
3638
1005
927
1701
1791
2814
2831
970
2228
1172
3087
4024
2088
2577
3902
3859
3223
1940
2927
2271
3762
1829
3322
3244
1508
2
1096
3903
553
1724
3438
2708
1080
566
2975
1996
2132
1018
2834
1869
3476
1895
2148
3331
2398
1671
2633
721
936
2232
1470
3777
1079
3581
2849
2509
361
1022
3322
1188
3340
2750
3330
1524
532
1287
672
1695
62
1167
125
4011
4032
2676
1542
3616
1121
579
357
1567
3385
710
2006
2055
1692
3291
2311
3791
3534
297
2979
746
2675
2671
2931
2247
3625
2270
1770
1022
1226
2521
2701
3301
1613
2973
2652
3307
813
584
537
1009
1950
2056
3083
20
771
321
1412
674
3856
3384
3025
2226
3337
1456
3445
1919
2639
1378
1906
1407
234
723
371
2830
1291
1935
2699
621
3196
2348
3968
3500
489
1142
1412
3713
2913
3713
914
1727
1709
3160
1932
3277
148
30
662
1415
2484
937
2164
1489
1465
26
432
870
1483
1883
2660
2913
1956
2882
1656
595
1000
654
1068
3635
1123
187
1731
957
2798
3054
1590
778
3331
3107
999
859
2828
3375
2590
1047
1806
1039
1566
1497
3217
1956
999
3585
3234
3017
1334
1941
2936
1828
2906
630
1615
1234
234
3285
14
3509
2579
43
3019
965
2903
337
65
3123
2784
3372
4052
2545
421
686
3063
719
3906
1311
2166
137
2112
2308
294
3247
1644
1343
950
2852
3371
2953
2108
337
2828
1120
3061
2994
2780
2843
1361
1542
1338
4038
461
3347
328
2323
2228
3762
819
3713
2328
1619
2050
1280
322
1785
1371
412
1850
1206
3938
1574
493
3930
1216
2549
3231
630
2729
3176
3172
1799
2248
1438
2586
2161
31
1914
1636
746
3554
1282
961
4024
4068
3890
1538
2208
3088
3923
2091
1799
2068
971
3273
1825
306
2605
1950
2373
2858
376
879
1795
867
2208
1012
1708
1711
352
1494
1074
3634
1272
186
1279
369
1477
3910
354
755
3916
2984
1173
2312
72
3419
3336
3563
579
1429
3666
3539
17
689
2438
1964
1446
3587
2467
1161
2471
257
3783
2643
3511
1077
1551
143
2630
3919
3390
538
3310
1299
1202
2985
1838
3319
3043
478
3427
1998
2370
4073
2470
642
3649
2136
2446
3350
1535
3565
2168
2107
306
3191
2665
24
725
1267
3613
1625
3406
471
215
333
2197
3773
1256
313
388
3489
1738
313
2412
3966
2007
1168
594
1402
1792
1112
3940
3453
2884
2126
3070
3203
459
1637
1560
3636
1261
542
2802
338
1762
956
2293
2003
1979
429
969
832
2431
19
150
470
2360
299
1987
173
2036
1383
3764
4059
3384
836
681
1715
1665
3985
992
3434
1312
3506
1024
262
1710
2763
3249
3983
3161
3637
2208
3196
1553
2547
3784
3910
2900
1264
3297
3486
1139
1221
360
4076
2209
2186
3252
3589
3161
3870
425
2769
2073
1224
3074
1883
419
1296
1319
942
3892
273
1128
3176
2030
2943
3120
674
2455
3927
460
2513
179
2010
2372
3360
3916
2115
1696
3205
419
3052
1681
982
2245
169
424
471
3124
2060
2905
1155
2539
2497
1654
2722
1286
1090
305
3406
1861
4060
3753
1546
3697
3224
1875
2839
3767
3115
208
3439
203
3269
1998
1928
813
3436
2134
1046
3775
521
42
362
896
3607
2908
1275
1830
2645
336
3955
657
251
807
4075
1249
955
2790
3838
712
614
2719
3876
789
1579
852
720
3113
632
3506
2499
50
3726
20
2570
2559
1912
429
2954
3638
2302
1946
3305
1114
2553
179
1883
2289
3174
114
4038
2117
3137
2545
3750
49
2073
3042
1566
3859
1729
2238
2846
3768
2862
4076
1736
2701
2935
2240
3787
509
322
3050
320
2791
2891
1495
3556
3820
3345
331
503
3686
1200
3986
3248
2536
2053
2953
2868
4075
1505
3247
3948
2699
3804
3385
2495
3918
2918
164
486
3633
3917
1285
1377
3452
3645
2540
3825
3177
4049
473
980
3817
421
1988
969
3929
1188
2645
1375
1231
2770
1817
4034
1849
2743
1809
1353
2165
2303
2748
431
3133
2673
1587
1905
1746
3052
3558
1294
3452
3724
3614
2838
1821
2576
2730
3245
1836
699
297
3761
5
3081
1036
1328
3362
750
621
1150
2988
2157
2839
3150
1343
58
779
3757
2724
2847
2335
3686
2247
3337
1819
3390
3163
955
2010
367
807
3761
2139
1031
1181
2914
2523
2716
3871
1955
3782
765
461
87
322
3451
375
937
18
3458
1126
1317
797
589
2378
711
3516
476
2592
265
1789
1155
823
1919
2510
2830
1642
929
2370
734
1352
564
645
2199
3662
1456
1567
3509
1606
3874
3166
2107
296
1823
217
877
3064
2895
2801
204
3636
3798
221
2812
3616
2863
3736
4049
3359
3908
710
2878
3950
2656
3438
2233
1766
3243
3240
3445
2554
3482
1611
1165
210
24
553
3891
3286
63
1724
3814
357
1627
818
2321
918
918
2126
560
2032
1571
2634
1677
1544
3138
1264
1386
2461
1039
285
3700
4038
3933
397
1514
1496
2960
3127
2223
3254
428
2640
1805
2414
2827
3561
2949
4034
2334
2801
1068
1
2198
3866
2053
2717
1609
3229
1834
1197
3911
3612
2466
3699
461
3021
2656
1786
1200
1264
4006
1191
1868
3915
3468
180
3922
1837
789
349
1139
2409
3451
1079
3535
2
2520
1865
28
2028
778
2455
3569
3199
599
3057
3663
633
3512
1120
2387
2682
2904
75
1097
3823
1302
167
2364
3024
1422
708
2010
1165
573
2577
2831
2566
1456
3773
3616
2098
3061
490
1193
202
1227
2599
2357
3436
972
3542
3030
63
3281
2806
3170
557
3325
147
2416
590
490
3959
2521
787
830
2238
1202
3755
829
518
2753
3399
3801
1876
3811
2052
1518
1809
1180
3867
3239
3559
469
2264
2999
578
1005
1757
1861
3963
3130
2566
63
3889
3722
1583
4070
525
2175
1441
2632
663
1964
3714
2324
577
2161
1590
3468
3847
1054
2350
40
1151
916
3324
1064
2908
1788
333
2963
2463
1716
3296
2046
3393
3552
3616
84
1542
3350
1165
1418
32
1496
210
487
3876
749
3165
747
2150
575
1347
2046
131
314
3380
3241
3174
1056
3283
3792
631
1428
331
2813
3644
2017
3306
470
739
128
2477
1284
953
2561
2060
2942
3062
905
129
1911
4017
1109
764
1594
2614
949
2456
1619
3680
426
1786
150
2108
1274
153
3580
1810
330
1918
2677
3411
2867
3083
3952
1845
1013
3584
1135
3723
937
2212
1810
3231
2636
2246
2548
168
938
1365
1891
3198
782
2092
3419
2392
4083
2862
1115
214
193
1638
3758
2633
3951
3875
3859
106
1133
1792
2704
1750
1301
986
548
1680
4011
181
3452
3194
97
1990
3469
2871
2785
1290
120
2304
3124
2523
1757
868
3048
3320
3151
2465
417
4002
1827
602
3593
1619
2491
2547
221
2383
3053
3619
1135
3197
680
2305
72
2208
2452
3470
50
1615
3961
620
34
2546
556
634
486
1430
135
2805
535
4030
2117
3374
299
366
1623
1280
236
3337
1414
252
2729
1278
799
1246
1129
3070
281
672
3926
3782
3942
2734
1241
950
2470
3363
3560
1779
2767
1485
4041
30
902
1796
2759
1213
2849
397
1230
1582
3822
3294
1955
3926
3393
3204
1825
1399
2839
1404
2516
2873
791
2160
34
3905
4028
1270
475
671
737
1456
3000
2871
320
1349
2822
1866
563
2597
3704
746
3275
2483
2635
2267
3774
997
3307
2356
1656
1846
66
2294
3018
786
2652
798
1487
17
1317
3458
1327
35
2084
647
1683
298
3734
647
2465
3274
3694
3959
1950
3666
3362
671
2761
1714
3165
2782
3346
368
2580
2259
1560
2289
2049
1125
2909
2307
3952
3457
2042
2560
3662
202
413
4054
3239
3929
997
3429
1540
2888
3010
2557
3015
1950
2565
2710
85
2096
1143
3926
1652
2452
1562
3169
793
3412
1991
3609
2660
140
657
615
265
1999
477
1484
414
2521
2792
1905
3491
598
956
34
2520
1129
3107
3645
311
915
2431
353
1995
441
1332
1794
2140
2048
3041
2928
1878
3818
3434
2731
552
3898
799
575
2229
1236
610
2627
547
943
471
3897
4044
411
3270
3757
3383
1806
3033
501
3225
568
501
3895
1592
758
3948
2149
2025
3722
2293
2546
2910
2192
389
510
2906
3374
1588
4036
1849
656
290
451
2196
1842
527
4012
838
998
244
3770
1958
2972
396
440
2447
2883
1377
2803
1209
1861
3099
750
738
1607
1792
2192
1304
1778
3732
2024
617
1359
3238
3019
2969
1897
2960
39
3615
1351
3405
2205
1339
59
3001
3964
35
1264
2590
2484
1285
419
2614
2740
2396
1471
3074
2726
1920
2302
3434
140
1697
1156
341
1749
2939
1087
3789
94
1928
1494
270
11
1905
1628
2629
2904
1205
1128
1493
2774
3387
316
3928
2309
3210
1502
3055
1985
449
3082
1206
2339
2742
656
1025
2445
2248
3822
2362
3735
1945
1289
697
719
2513
2521
3246
3537
3168
1359
913
501
1144
3670
2878
3145
1288
3309
1053
1669
1568
2382
1773
643
1409
1102
2558
1100
102
323
1188
747
962
2768
2660
2816
1172
2438
1310
2626
1399
960
2833
1000
3121
1537
4032
2203
3616
3286
1264
2930
2972
562
3523
3278
3473
898
582
1456
1296
1602
2812
4067
2013
2040
3939
1851
2419
2365
3618
953
4002
2239
2385
1470
385
3126
248
1621
1748
58
1014
2142
2018
257
1884
2181
3954
1902
2957
1386
2551
3945
3126
1869
569
2867
194
1731
2630
2239
3651
161
1043
1097
3891
425
1669
3812
2175
1999
3181
3718
1876
3234
3421
3879
110
2141
3711
1520
2407
1114
1873
70
1246
2572
3628
3388
2619
4042
3205
2245
3001
2915
448
1054
2487
1687
924
3740
3172
1570
944
2163
992
2874
1580
2050
1857
2080
3968
394
2464
2611
2502
2891
2338
1645
3427
3365
951
2912
505
983
2063
1830
2591
1167
2665
4030
2839
355
1745
819
698
2910
993
1300
2673
3082
3391
1451
1751
3277
944
2363
2658
1766
877
2
2935
1322
2566
892
4002
1789
1353
3896
1146
1498
495
4037
2122
2604
785
1606
812
2925
1754
1436
752
3425
3684
2776
432
1059
1094
3937
3305
3180
3058
602
998
663
283
4046
1895
3767
3083
3030
796
3114
3465
120
3536
676
1503
3326
1715
3761
18
3249
3956
2190
2009
698
3111
120
950
663
3357
3221
2870
2079
3720
3625
240
2621
940
564
2549
2063
3393
1567
1431
3341
3958
1565
1912
1609
2266
3652
53
1972
1419
2558
620
941
479
1755
1560
2654
2951
3018
880
3014
3156
2789
3579
1370
2241
1085
3350
368
236
2719
3980
2299
3124
2657
3873
2731
3367
2730
851
2338
2091
2643
2667
3080
2767
329
1886
519
2787
1965
2122
2246
1548
453
1430
3436
76
2600
3632
3967
936
2758
3036
1956
3246
2154
2788
1110
2561
919
1649
674
3230
394
888
3440
1026
4058
652
688
648
3442
3858
526
246
1010
2752
1080
443
2355
1071
2531
2606
1918
404
2067
3278
1906
2656
419
1366
1040
3265
3881
3647
104
3485
418
965
396
2181
480
1707
279
98
2805
3927
802
2028
2437
1142
731
2272
685
620
3103
1265
2254
1444
1150
1056
2905
766
2901
2144
1653
383
1535
3093
2323
110
2024
477
3386
3012
1120
1362
1824
1313
3545
4003
2897
2707
3827
2880
3997
3196
668
2352
1680
3013
1646
351
3347
317
451
1713
2276
736
2415
1917
496
1008
3961
2363
1851
3249
563
3015
2697
1069
796
16
548
703
1672
2081
250
3618
675
2091
3043
495
1551
200
514
2409
177
1544
1023
2215
625
1095
427
1518
1485
3356
414
3542
1769
1758
1092
1770
2631
526
3618
724
1327
1949
3230
1718
241
818
1597
2053
2416
2092
2725
1756
1380
449
3540
3202
3363
1176
1180
2668
1026
532
1272
1314
2347
2420
1415
3535
3232
4075
151
2952
3841
1277
1086
873
880
1007
2526
2425
1122
2267
637
3297
3354
3037
2006
2925
523
1905
1035
3255
2816
3533
1216
1233
431
2186
313
1181
1615
1685
544
1904
705
3087
1745
533
1700
545
3660
1591
2208
3443
2857
3126
4045
2661
1302
2943
1461
1708
3513
1468
1918
2552
2172
2107
353
1350
3519
2822
48
1245
2846
678
1705
160
3326
3038
2695
2853
251
2832
2957
2719
2524
3783
1675
1173
3332
891
200
1918
2664
1109
1709
588
3987
3096
831
2148
523
2671
3628
1910
1849
613
607
3943
2680
3444
3848
3658
3917
1583
1182
2030
3067
2083
3060
627
49
3503
1705
2442
886
1199
2944
2553
455
1442
3235
2523
3852
855
4001
4010
3239
2503
2846
297
3122
134
1734
2634
3642
3121
1378
1584
942
2332
316
752
2279
45
1873
3119
3285
2121
1900
3529
1107
927
3911
3996
1158
4061
991
376
723
1175
699
3013
2813
1704
1068
963
3436
1147
1095
3094
1946
473
2457
2918
2819
490
3839
813
1806
1271
730
3920
1866
3303
1232
2739
3214
229
2406
3274
2071
2128
2775
1102
3358
1630
884
3495
3519
1737
1900
775
95
2665
1168
3959
1603
316
3956
732
4060
866
1411
1402
2971
144
43
199
2629
903
4011
1834
2386
3251
167
3482
2759
2643
1655
2610
1791
2210
207
3028
3811
906
3404
1172
1073
1788
911
1035
1029
652
15
3599
1662
2940
1373
3912
761
3038
96
316
167
781
2990
2490
3803
2083
187
2644
1379
634
1451
87
1918
3184
1730
390
1825
2114
1860
151
3128
2916
1219
3579
3292
2210
2212
1662
1149
2597
3942
3289
1286
747
311
340
2760
1384
3192
3054
1674
1020
1367
1045
2039
3480
2144
1198
2914
3617
816
2474
478
3746
641
2809
901
155
1967
2375
3785
3102
2917
221
2458
3650
4057
1978
1508
3665
282
3584
1654
2986
1992
1251
3577
58
2012
1386
2094
3662
3444
2861
2933
3805
1727
2480
2200
2791
2190
3612
879
3348
1080
316
1406
3913
3824
2397
34
3057
1352
3853
3433
491
3095
3928
1356
3118
3381
381
1890
3379
511
2907
3600
1674
4050
2129
65
2893
222
2713
1879
3690
1556
1030
3571
4072
2815
1777
4047
2705
1751
2578
741
1973
390
3188
3339
841
180
1860
2466
3565
512
3463
855
2478
1254
2012
968
2736
1932
3888
1908
2750
3560
1448
966
259
1247
1162
2259
299
2502
510
2233
1103
2107
1041
3319
3273
2987
3385
2156
171
1433
3683
438
2964
288
952
3501
4001
439
2057
1475
2124
1004
317
3103
3719
926
611
1714
3947
812
1605
2295
3980
2972
3103
3166
790
3951
2532
3343
2354
3937
8
352
3940
367
323
675
980
3320
491
2104
244
1240
3620
3508
876
1589
1552
1628
3581
1870
747
3329
1393
735
2360
626
639
2362
3140
548
1740
3523
2140
1039
2680
1388
3618
534
3070
3655
1323
3776
3957
1708
1733
1004
2832
3153
3755
2802
1141
2256
567
1168
3436
227
1925
2141
2989
1536
182
306
915
3599
1581
3711
2642
3173
2225
2644
733
3794
3414
835
3819
2410
1344
475
584
1518
2775
1844
429
2696
2608
832
2299
1455
2882
2104
3031
1224
294
2837
1534
2236
3796
867
2673
3364
1699
3866
971
3669
2098
1322
659
3168
567
2402
964
870
3969
2532
2796
767
3105
2126
1959
1770
1091
2296
1689
136
1497
2364
2379
3565
446
1847
2847
2965
1411
3515
3641
2627
2110
4073
271
149
82
3982
2337
2552
2731
878
1397
1290
1292
32
3192
2682
4058
3427
2229
4073
568
2121
2938
438
1823
124
3051
3093
1119
3669
2049
284
3892
1527
3247
3981
1453
3979
3880
240
2365
2715
2409
466
1835
3519
739
809
2802
3195
1137
215
3250
3271
2757
501
3870
2524
3859
2653
466
3510
2045
2177
2578
3937
3007
1986
1842
602
3541
1463
3880
4008
3978
3327
2018
931
3920
1747
2924
933
2038
3447
1917
1951
899
1903
3804
385
1230
134
3103
2794
3415
2364
1876
3677
843
1355
2199
4
1580
491
2489
2873
2829
289
3044
1117
1822
1935
663
1359
3686
644
3902
688
3110
381
95
1709
3515
4026
611
3205
2200
1184
911
2472
668
1184
3325
708
1679
3499
80
2079
3963
3151
3577
3663
1783
3274
1910
4012
526
1711
1135
2897
1181
1426
2854
1387
894
3906
3996
850
1102
3989
131
1054
3686
3359
1479
3737
3562
797
2280
1601
2215
2606
1633
2565
885
1034
1879
1618
3229
3075
3808
2657
3451
3515
2619
281
218
3306
1547
28
1415
3711
905
3105
2991
386
3819
3886
2631
3969
3094
1273
1068
2197
4003
1897
3385
2971
194
1530
1818
1513
1822
2760
692
1153
998
1330
3775
2112
220
2166
2310
1564
1971
1186
1072
3849
2466
1568
3311
1626
462
1563
951
1169
1437
2905
3236
832
969
2738
3039
2695
675
1711
1573
2278
1382
1711
1301
1557
3176
2959
290
294
1097
228
1255
3309
1643
2592
3553
2574
3686
665
3925
3356
2391
1162
3816
3596
741
3401
3621
1690
967
843
1862
3085
3227
3475
3442
3383
784
2649
32
1419
1525
3926
2263
3302
3341
3828
174
160
243
1041
2120
1972
1755
2451
215
1399
3532
1774
4
1637
3559
3508
1817
759
3908
2056
3430
2701
896
2975
3449
3385
576
1763
3525
2316
843
1279
2949
137
1853
3709
2249
871
2652
4032
2986
2874
3010
2358
1775
2572
596
3114
4007
1753
3354
421
4074
1390
1412
2718
1319
2589
1603
2444
2525
1443
280
3913
3276
3177
196
3246
1115
3654
145
2851
835
3955
1945
3318
917
2305
808
3525
3029
666
2816
1089
740
3227
3676
3763
3070
2341
709
575
2888
4031
2319
1121
3593
2473
1871
3714
1297
773
2960
2008
2533
1581
3502
126
3947
1756
28
2073
1369
1903
2606
2500
1030
2483
3034
312
3560
1289
2596
798
1402
2612
4044
740
1478
3257
856
1660
2338
490
2734
2053
1285
3042
1821
3524
2047
2501
609
2538
3418
2094
3752
2755
2813
1836
3529
3440
2982
2849
2778
377
3163
2387
1370
937
1000
2512
119
2652
2032
3371
2719
2
688
3296
1151
1419
218
1292
3255
3881
1846
3983
327
1711
13
2253
701
1223
3037
1975
110
2208
2347
2190
3598
2079
2382
2717
1409
2730
3562
2412
2838
883
2049
1905
124
4006
3385
3412
1581
3534
3157
2284
3700
1157
2558
1780
67
3204
1601
496
1325
1459
3167
334
623
3737
3059
315
2626
2329
3011
254
1047
1688
3725
4039
623
715
1160
354
3773
232
1340
2876
3837
893
2637
3633
1493
1407
2904
2317
241
1908
3620
2759
1919
89
479
1165
2126
122
378
638
2705
538
3468
1996
382
2540
2207
4046
1619
2435
2271
1606
3680
3814
3968
1979
3525
984
1107
2178
709
1922
3082
1300
1951
3364
16
2353
1592
2441
463
2697
2483
3169
2767
3179
3946
697
3020
596
3673
2495
2752
2598
1909
2797
3270
3030
326
3633
2118
2720
155
1556
3346
752
1153
3087
75
2900
2466
3041
3230
3811
976
455
2309
4079
713
1766
351
35
3445
3933
617
475
1303
438
656
1734
1477
2724
2531
2169
3321
3082
2646
3608
1939
182
376
395
694
2303
2993
380
3692
495
702
1853
3976
3193
888
644
1749
3001
1541
1247
3807
4065
1029
926
2372
1271
1815
3550
2627
3301
233
2760
2196
902
1122
2607
391
3552
3567
3566
3049
3003
3702
1546
130
1660
3991
160
3821
325
1133
580
1120
2799
247
587
2259
2185
3454
1197
3721
1442
2108
2722
2463
2318
1761
3379
3761
43
3973
1518
3986
1419
1764
2954
1845
4069
1620
1699
194
1844
1088
3
2252
3314
1430
796
2816
3496
944
161
2234
671
1651
3069
142
930
1922
3975
2679
3642
372
988
23
1048
387
2349
2466
3158
3504
446
1138
1724
2888
2464
284
1097
2199
1593
257
2885
2356
306
2365
453
51
1456
269
2188
482
2292
3546
3690
3369
1268
152
3339
3869
3026
3846
3723
688
3063
1706
2476
175
1987
2629
3796
775
3023
2887
2756
3421
1926
2250
3918
3096
2021
1552
922
2361
1058
919
2911
3891
3120
2520
3423
2176
1736
651
852
596
1340
3330
3112
1079
2547
3698
332
898
2762
595
2575
2143
2285
3426
3609
2923
3867
3183
1191
3172
3356
1816
3019
4
1409
421
2619
169
2757
3304
2868
603
1243
622
3930
2286
2507
3513
2829
1164
3781
3117
2803
2051
1372
2756
2225
228
2497
2764
2643
3141
1530
1573
115
2191
2696
2407
1068
1969
914
1894
3257
768
2903
429
2492
3125
3591
60
2976
218
2655
1505
380
3888
701
3673
847
154
1755
3234
1170
3279
2101
3397
3213
567
10
377
3447
2696
2483
2949
2821
3851
3756
2977
2146
1029
501
2824
3736
4072
2396
3023
724
3520
3334
2744
4075
3600
3022
1368
3877
1009
3632
557
1092
794
358
3038
2307
2937
3299
2377
3456
3852
3984
3926
850
334
1244
3459
1837
2953
615
1684
1733
3577
1494
728
2842
2638
26
2901
506
2952
1794
28
605
2861
922
1923
1109
1291
2736
1462
1279
1324
492
2473
889
840
251
1820
2199
2835
2230
2480
87
1772
2473
983
2736
3204
1066
1536
1376
4048
2633
2939
1392
559
3499
1435
2957
759
2436
985
240
3696
2325
1032
1611
15
527
2638
4003
2264
1623
273
2412
2005
3120
2948
2477
890
3918
4072
2320
3574
55
2234
2693
2991
3790
513
2580
1444
489
3833
902
1356
3283
282
725
4041
1307
975
1208
1318
3064
961
3118
523
2116
3755
1966
699
1018
649
3862
2525
3447
344
1714
365
689
3697
394
3145
2213
1057
2549
522
205
2702
3125
1447
2504
3662
168
2032
3954
1341
3154
2260
3500
1534
60
2821
3793
869
464
2423
1310
1103
679
1352
840
1725
865
2777
3966
2717
2456
2663
3534
558
3703
2350
3527
2702
1497
1758
3493
1836
191
1328
2500
1027
2599
3614
1130
2135
2617
4002
3818
744
3001
2646
2834
2040
277
3360
2207
3353
1223
1231
838
3987
1286
3373
1437
3685
42
3159
648
19
593
1272
3311
1228
1390
3734
2770
1366
373
1506
1080
813
2422
311
556
1747
2949
2460
2753
1060
1699
2927
247
3297
1460
3057
976
4080
3124
169
230
2555
2446
2351
1214
3236
3048
3112
503
1038
632
3635
3074
2457
3248
110
3883
33
3691
1308
541
837
2049
2542
736
931
2448
1799
2985
1326
3337
1631
2634
2455
1358
1550
2698
248
1411
10
1690
3035
12
2756
3526
3278
3906
3539
365
3484
2168
2058
3008
2004
2655
1736
1774
659
3127
2528
686
382
1898
72
477
2129
3175
1049
922
3262
1085
2385
997
715
1002
3916
3094
3896
2176
3662
526
2975
62
1062
2773
3775
421
2184
1539
1873
2290
665
1378
3526
1503
3144
840
2695
2181
3125
3220
294
1501
2976
531
1589
3027
174
965
1833
780
2637
2476
1116
3205
2846
755
2358
2677
1365
2057
280
3549
3111
1688
1511
1472
3573
4065
1500
3945
2370
620
3246
2004
1842
1761
2563
3702
2150
415
1149
1578
2686
147
3432
1042
1627
958
3432
3130
3427
162
2986
2269
2303
2010
1955
836
1395
3303
336
1055
2716
55
158
3228
3858
3837
3014
2037
3193
1364
3581
3535
34
3474
373
794
3433
2880
3778
388
519
1744
1210
4011
2566
1290
708
241
1044
3074
2644
1355
2814
1204
275
1706
71
1160
3061
2557
2437
423
316
2639
1151
1022
756
511
1736
106
3520
908
954
1681
1159
122
3125
3171
1759
1417
1704
461
283
2071
3246
1163
2809
2794
3609
2699
1665
1553
3073
3123
1137
1017
3040
2553
3500
1699
367
2346
2191
3196
2810
4073
1672
547
2376
2131
3605
3432
487
1782
2197
3413
1921
1577
2118
1296
880
3014
3099
3186
1822
3602
288
2090
1963
3088
2629
3717
2764
2869
2364
2698
2947
3272
4051
1457
1132
392
753
3528
829
2308
3824
3091
2286
90
733
3443
38
2459
545
3401
148
2842
1585
3686
225
1520
3398
2993
3968
3976
85
3969
466
1759
3555
2259
601
3214
51
2852
2386
3039
3648
500
3420
108
974
1365
952
1631
860
2355
4033
2137
852
451
442
1635
711
1247
1206
576
2422
103
3697
1149
3976
3535
1500
3016
4070
850
2280
1198
1976
1676
1439
3861
1527
391
3881
2811
5
3695
2926
3163
2637
2467
4024
2462
1791
1233
1021
1806
1150
1877
916
3071
1273
2918
1361
3505
1479
2823
3362
3067
2788
1028
3143
512
1865
1212
62
3439
1647
2728
1935
3700
3711
3077
1872
260
865
923
2969
1456
2715
3216
2430
3649
96
436
2542
2997
3826
3614
2698
2413
3044
2775
2373
1709
507
1166
3845
4064
690
1372
943
3993
2606
721
1553
2856
3337
3316
1000
2740
4050
815
3629
2004
4012
2790
546
2125
626
1766
695
2011
513
3442
1642
1132
2477
2801
989
66
3098
1466
1937
1781
2639
2551
1488
1288
2524
996
3272
2125
804
2819
2682
334
1918
3572
2575
2243
1482
1174
499
393
126
3610
2167
48
3942
931
808
2361
2077
3125
704
1268
274
1395
142
3955
2311
3483
3474
3651
3370
2002
1643
371
3470
487
2618
1295
1307
806
1903
358
1801
3375
1503
2227
2952
1222
4026
533
616
507
2986
669
3228
3123
1150
2296
612
2185
1499
481
361
3925
525
151
2645
1378
3007
2260
2498
2882
731
523
572
1308
674
1738
715
2033
2341
2918
2195
2034
848
2466
1777
3861
3090
141
3926
2826
355
1649
783
87
2348
916
663
2904
3401
3564
3075
2549
2765
2408
1682
202
131
3801
1022
3897
486
64
3652
1543
1879
1740
1837
1700
282
1244
855
3158
664
1877
1701
2054
2927
39
3178
272
2196
3402
2814
1808
1430
1626
248
3166
529
2087
3095
2033
3854
1805
3580
2089
951
1011
1343
546
1267
2801
3720
3952
148
910
406
3155
2210
567
4029
2782
3906
3106
1029
556
281
3037
1510
1234
3032
3507
3260
364
3962
3381
2527
1254
1762
1265
3518
2784
242
3084
2274
2182
817
3402
1852
474
1106
1345
3495
2641
1996
3662
2321
2258
2168
881
1119
850
3904
1365
466
731
533
3263
2149
813
2626
3436
1779
524
288
1009
2862
2604
3847
2614
1345
887
211
999
3181
3396
2661
2353
1428
3808
3494
3193
584
1049
2743
484
1395
3730
4081
1589
156
3022
3298
1606
246
1480
2128
31
1283
2654
3121
3476
912
222
528
106
1110
3444
185
2866
1894
1446
827
1080
3603
1710
243
3918
3637
3435
1617
3684
2407
1374
3076
2851
1345
1790
507
3247
1188
1448
1030
3905
109
2116
1208
1624
3263
2125
1025
1512
3779
1614
794
3775
3048
1145
1686
136
2711
3388
2912
3956
2155
2254
3013
2175
384
761
2259
1599
927
2714
3341
975
1133
1766
2255
954
3539
2443
220
1146
1677
2992
3341
3718
2732
3243
2026
356
4058
3489
110
101
1920
972
1108
171
997
1035
2958
2308
89
706
4003
416
3726
591
1674
1673
2721
1088
2173
2211
215
4036
3497
1377
1610
2834
700
195
2876
1754
788
1922
3593
2725
1720
3787
2204
2032
3017
950
2720
667
2072
3722
799
3935
1796
1788
3495
3238
4083
291
3269
992
1883
2624
3459
2090
2235
862
2672
1142
2999
1605
373
184
2106
2184
3445
2300
1985
1488
3532
3103
2030
1537
195
2053
257
446
1904
3004
3563
1967
219
3271
1930
2741
3216
3587
308
23
747
3367
36
1042
1690
1154
10
3366
2549
1379
3189
621
3783
70
972
857
1182
1372
2921
639
2619
3046
166
3097
2483
902
3030
3580
1085
2897
3375
304
3363
3637
3870
1857
3407
3281
2191
3468
950
1974
1316
376
552
3098
1330
812
2941
3937
1026
1737
3939
3718
2397
3023
2647
3556
224
1559
3376
3618
1896
1836
899
2278
1121
3170
3104
2736
888
162
1260
511
2434
3276
883
2408
1348
2956
3499
1392
1435
2614
2492
24
673
2109
531
1515
649
2045
2580
2503
1573
720
4014
2488
3568
2495
2813
3148
154
2055
2667
2050
2068
897
1387
2249
3025
3855
3532
1107
1608
2849
2119
2828
3275
123
3977
1145
139
305
3668
608
2927
2269
3576
127
1159
1734
3868
266
1769
1265
900
145
1172
2372
1988
3597
573
2580
676
336
1432
412
173
2494
3348
3922
1051
384
290
2815
282
3017
3258
438
1415
2784
522
326
901
372
2183
2510
2030
2774
1485
3824
3203
1584
2019
3466
2614
3363
1111
450
385
2273
826
1857
2277
3027
2327
3937
2697
3712
48
2217
2556
943
2057
3736
1457
3286
841
2661
354
3732
2215
3691
751
2471
3362
4018
1443
4068
2261
3108
1590
3633
61
3991
641
2772
3149
98
1054
2015
1836
15
3652
1548
2605
2961
2816
2879
2325
3320
2611
2330
819
233
2993
1408
177
3306
2588
613
554
2000
2953
3122
2810
2978
2311
506
3616
408
134
3905
1285
4021
963
1853
2941
3987
3935
1978
2670
596
219
2179
1892
1451
2202
2515
3685
1008
688
3624
23
2246
3375
445
1464
1915
3588
297
3630
1888
3402
2088
989
3559
3912
77
219
1942
3532
3287
389
850
2270
320
318
3902
2121
1087
3466
1872
375
1606
3564
804
1864
826
3726
284
1725
2106
1788
998
1585
2663
1507
2819
1643
1741
2294
722
813
1368
1612
1340
579
3913
3715
2192
2804
1595
601
93
3737
1480
3692
3033
741
339
1672
494
1431
2821
1513
763
2980
1249
2335
246
2476
3091
812
1458
1670
4001
668
2900
2962
2958
2859
4030
2627
3173
2453
1772
812
4082
2768
3779
3125
59
3873
3833
882
4073
1398
2222
2041
124
36
2698
1397
1610
3362
33
57
4031
2631
587
2892
1571
1641
3003
2382
2442
2229
2489
1323
3987
1147
2297
3726
2510
1848
990
2299
696
834
2768
3901
3746
2330
2629
1985
488
2901
2105
316
130
2110
1958
1264
1713
2425
3718
3087
1193
3877
172
23
3761
980
2120
1012
1639
52
3341
3438
255
3327
329
241
3739
528
2919
2195
2327
1336
2722
1782
2695
3036
1999
2874
2689
650
2277
982
1011
2800
2276
996
2929
3588
1203
2320
3693
2925
3932
3152
2540
985
1049
2277
3937
474
3852
2047
3364
1550
1911
734
1783
671
2221
2693
1117
496
2113
1795
240
3260
3645
415
492
2973
3146
2794
3967
2330
1129
888
1842
2706
709
1145
3769
2169
3761
677
294
4054
802
2840
1284
2795
4044
2730
2602
865
357
702
653
3022
3919
1439
3685
1519
1666
1874
3590
3997
2158
3436
2615
2302
1647
2622
2028
3598
280
2342
132
550
1021
789
1047
3785
1807
1842
1486
385
555
627
1432
1241
974
287
3330
857
959
2684
1989
4018
2551
2957
3268
3540
2705
1467
3186
2685
705
1089
2102
2833
3428
3510
2092
2519
3459
1235
2603
1119
643
3666
3598
3851
531
840
748
2247
1333
3032
1605
2756
1564
1098
615
2572
2108
2528
1150
2728
1432
2992
1812
443
105
522
1950
3590
1687
2201
2192
1182
567
2347
379
1656
165
1100
941
729
2614
1328
1233
522
3664
3548
3259
2791
249
3787
1001
288
2179
2026
933
1745
2047
3941
1039
387
1144
37
789
3143
1102
177
1291
3349
4074
2470
587
1493
2669
1148
2238
2194
831
1617
1639
2003
529
3139
3208
185
3249
2857
2306
333
356
213
1316
3964
203
2603
1097
79
1017
2067
1337
2520
244
2004
151
469
226
1775
2042
861
2416
385
2147
1060
3053
1353
1647
1269
386
2587
2291
491
1422
3163
1677
651
1934
1440
111
3719
3778
3031
2399
2841
3387
794
2336
3495
1784
982
1122
1358
552
1953
2121
3539
3855
3412
697
2760
3116
1595
1145
2569
1712
2794
177
2805
3600
284
1058
3468
888
2825
2252
2640
1083
3503
3949
3873
3273
3345
2102
2069
3012
1389
543
2489
4005
477
2949
2847
1989
364
3992
1735
2038
3122
1261
1087
157
1204
2760
948
3113
1776
1975
1146
738
3590
1721
1682
3654
914
2255
3748
2173
3219
110
1712
2976
1833
3852
2733
3196
1375
3976
70
181
2413
3500
3029
960
917
80
2345
2057
2539
3154
3593
2890
1692
3249
3392
1418
860
2097
3030
1453
4033
2051
1506
627
3887
1972
2047
3206
3668
3990
2757
2833
4000
4053
1974
154
972
128
3223
39
2309
326
1641
1175
3962
2336
1503
1719
1052
353
1752
394
1254
623
1733
429
3225
1719
672
2733
936
3025
2931
3943
1390
2288
658
3533
2318
1027
2650
3929
72
3530
2556
255
3683
3411
670
1476
3624
1337
1556
1125
529
1148
1911
74
210
4033
2502
3296
803
2286
3076
1451
2810
2065
2166
3138
185
697
2521
3161
4013
3672
3336
105
2094
995
1186
2655
1764
3702
2269
982
2787
1456
4041
404
1589
2746
3676
2874
1087
566
3418
2095
1055
1483
2072
1955
4036
3720
676
1960
2789
3769
3062
3587
1730
303
1125
3069
928
3072
1252
3249
480
3356
2338
771
926
2635
624
1775
2397
3278
701
1110
4062
3908
2539
1496
462
3104
1696
4034
1668
2199
255
1181
2047
2558
2808
162
1440
668
3899
2436
945
2823
1943
1679
3719
2896
1730
361
2259
820
4007
112
398
2746
3700
2576
1250
1763
3249
1870
68
3353
550
250
6
2322
3044
1905
3538
1912
772
243
706
3133
1268
2688
889
3005
2843
3781
3877
508
3300
1091
1140
3995
3063
1780
3027
2702
1139
1529
2786
887
3275
1697
2185
1039
486
1424
119
4030
2017
2755
373
2602
2488
64
307
3908
3647
3279
3053
3013
1277
109
1230
1259
665
309
3486
752
3293
462
638
824
496
1307
3107
333
3030
1591
2755
1944
1882
1992
3105
4063
416
2097
1587
2095
2173
3186
2519
3752
2402
780
1715
286
2820
3187
781
976
3496
1321
3149
992
3137
2557
3228
3218
2710
1699
3390
2823
2928
2216
2841
86
3752
1662
670
2718
647
230
323
3961
2632
1981
300
195
979
448
929
105
3237
3029
1125
1286
385
1
3891
3544
3479
528
2977
101
3180
251
981
1839
2403
2473
238
1562
2276
181
1726
3029
729
3564
1000
2479
3806
1505
2601
3031
2124
340
417
4060
3938
1318
176
1172
1899
2079
2471
1372
191
973
3885
4077
2452
3933
2152
1857
1300
1710
1240
2223
2904
2168
264
3338
2646
82
3876
1186
2734
3401
3135
253
2439
926
3497
3874
684
1545
3380
3753
2930
2710
1820
20
2124
3923
1860
3218
2056
3698
1467
484
3158
3725
3148
1451
2377
3694
3655
3069
1290
2059
910
468
1120
2971
1675
510
3697
3715
2829
2024
2180
1190
1682
989
560
2002
3737
1546
3237
2246
285
1864
3573
1890
1242
2235
3544
562
2896
3067
800
2522
565
2300
4057
2969
1721
903
3722
2069
1594
2158
3598
354
44
2931
3782
994
19
3821
2704
420
3881
3127
3570
1294
3053
2254
2262
2943
2601
3153
3999
3606
690
4070
2698
1614
2391
3359
2336
3440
3400
1845
3336
357
2546
3154
3618
3451
3722
1666
413
452
2917
4027
2304
336
3566
1910
1090
2956
2289
3916
2208
3789
3160
2787
1650
2226
3905
686
3646
235
717
3624
903
1901
1792
3932
3351
476
3222
2551
4011
112
1200
62
3340
783
2839
84
2910
824
1677
2398
1959
3037
3542
3651
133
1640
431
979
3266
2454
2584
514
685
2890
266
2225
1408
609
4015
1239
2671
3512
2025
3992
904
2604
960
2691
2034
2793
3162
2645
2885
1211
545
144
192
3097
1610
510
2131
1992
3141
3275
700
1367
2192
2337
2008
3151
1279
1429
1482
4050
25
166
3603
926
3566
3410
3021
646
290
1798
601
3607
3695
3910
1752
2728
1572
1740
2874
700
1392
2174
3682
2013
3010
1917
313
1802
2707
1461
2487
2973
2391
3786
1211
1650
531
2496
715
3111
457
1402
1464
3447
3303
3117
3536
2918
3721
3506
280
1658
1731
2915
2979
2009
1898
3863
3169
1598
2348
1759
400
1222
74
2965
1985
2763
63
3839
406
1219
2471
2256
1731
803
2870
1979
3461
1144
3872
1209
1197
2645
3137
2155
548
2903
1007
3840
2921
3640
1289
1451
2700
3469
2399
1280
2652
1722
1749
546
702
1957
410
1778
2711
3147
1307
2963
700
2144
732
401
158
3223
3440
218
196
390
3185
3798
468
2923
420
3109
553
3391
74
537
3872
705
3391
2575
403
3723
529
3092
3641
916
3168
826
963
3781
2028
429
2238
1436
2761
973
4045
1296
960
18
1915
25
270
1468
2823
1305
2806
1070
3585
2185
172
3676
224
210
717
581
776
1878
2005
4062
4002
2444
2547
1
3917
1183
135
1771
591
530
3864
3944
1569
938
60
3772
1947
955
1663
788
3062
96
3816
2670
1019
2844
322
1822
3220
1767
2014
2073
947
281
1228
1353
1816
2209
177
2963
3056
339
1705
3602
668
2301
477
430
2861
237
104
2349
745
3970
2678
184
2594
1971
616
973
998
3170
3630
3881
2871
94
1495
1434
1016
468
1614
3008
1323
3867
3737
1609
2424
853
3353
888
3245
1443
592
622
917
1461
3532
3031
3609
922
3575
3235
3970
651
2140
3535
1460
1878
1067
3008
3109
544
1080
1564
3606
2144
1470
825
2776
3347
2634
2062
3302
2837
2878
2319
115
244
3089
2410
2502
3008
411
3388
3685
3868
878
3942
2311
3822
2562
3855
2802
629
2271
3382
1012
517
3174
3337
1134
3141
3254
928
776
2116
3564
2531
429
2315
2452
1318
2823
2417
220
1394
2982
3708
2480
665
3618
915
370
3926
1761
1419
1119
3738
66
2293
1083
750
1444
1331
1527
3031
3144
400
1427
1832
2239
1403
3070
671
893
2874
325
1307
2881
2358
3249
1278
883
1495
3690
3852
3431
205
2039
1185
2830
208
1677
3412
3251
3540
1973
1072
221
2689
3616
4005
2584
1529
2171
463
544
971
3710
49
2535
93
2784
982
2607
2119
1336
3876
3335
3964
3756
3731
2932
3323
68
181
1683
1357
1550
203
209
1439
4062
1854
3669
3967
2872
313
3771
1078
146
1157
1083
460
2267
3401
2289
651
2526
789
2644
2374
3927
3273
1089
3523
3639
2789
1809
2178
863
586
2203
2100
3457
1336
3523
222
3991
1516
2643
2056
498
2726
3897
3179
2455
2590
2195
3035
3981
2438
3327
747
3429
41
1860
2717
3631
3137
1220
1143
1085
463
1835
966
3771
1221
1101
4007
3495
3437
1730
2861
2159
505
943
750
1853
2155
3059
128
3759
679
2772
931
4055
320
1239
3502
447
3568
1958
1083
137
4059
1058
1877
2733
3507
3772
1548
3617
3299
3334
2489
4079
3938
2838
1183
859
1876
1764
1435
3560
1206
3267
1330
3773
712
3739
3204
3071
702
2523
1668
1755
849
4047
2487
687
4044
3199
3207
3844
2184
1257
3447
1020
1996
35
3642
565
2159
3606
2776
3132
1806
892
2023
3462
402
3391
3816
3229
2995
934
3179
1925
3396
2447
1228
1503
3688
2407
853
2919
2616
823
200
652
3977
714
1814
4008
2824
1666
824
2893
2527
1404
99
3295
3212
2262
2904
2739
264
2018
2806
1071
1913
2594
809
559
1685
739
1199
3824
2156
132
1565
4074
2066
809
1199
3664
1250
1479
2953
2438
2481
724
127
1392
2909
884
310
3206
3340
1316
3313
489
3098
1580
462
2533
1537
2485
4083
340
1982
3856
2554
3613
1840
2323
3303
1451
1582
3645
99
3816
1466
2878
3001
3607
3807
1906
1774
1603
3176
335
1723
139
1587
3244
2253
2677
2630
2570
3111
2578
501
2694
1880
542
3067
1699
850
185
859
3934
658
3595
711
3488
1413
986
1572
1422
3652
3452
1770
3227
163
3702
2714
1573
1173
1457
692
673
3112
3881
2560
1902
3624
1995
668
3822
1448
399
3195
1966
3417
1949
2226
1732
2897
1952
2200
2951
389
205
1486
1120
2920
857
2015
3984
2234
1630
3209
1640
1829
324
1624
1947
650
2899
2580
2372
1089
390
1980
3906
4049
1109
1325
39
2765
2287
564
2793
3001
893
3180
221
43
931
2085
1475
1162
3892
1259
3355
1790
4063
1551
77
1552
516
275
3609
1791
4040
3721
3620
3536
3803
1298
2118
2798
2786
2552
3149
3487
2812
348
3433
454
2221
1423
3371
2590
921
3656
3688
1545
2605
1981
2992
607
2812
1133
2845
1672
1536
1342
154
1159
1402
2864
347
2911
115
1789
1097
3862
3138
1067
2610
3009
3257
869
2364
799
2826
2522
2947
2222
497
2932
3117
1750
3477
328
1466
1420
3210
1158
187
3048
967
2226
2855
3685
2470
3579
688
2878
327
1866
2578
6
3059
1948
328
2460
2843
2466
1060
2385
3455
3781
3871
4012
3728
1554
3642
2706
481
1554
3795
1272
1772
67
2001
3490
1942
1879
1617
1615
1480
2295
3704
194
703
3498
2682
3113
3154
2073
306
1269
2677
2065
2768
1921
1035
1647
3097
2330
1590
751
2500
4069
3923
1566
743
2898
3735
2257
473
97
1354
1194
539
1723
2783
3605
4049
2416
806
1556
2977
137
1250
2889
1888
246
3732
2425
2001
2550
1691
3456
1981
3472
1129
4081
601
35
1485
1905
3169
3710
2501
3672
1881
1275
2573
3304
3266
3756
679
76
2598
735
2132
1008
1441
2400
1901
1461
66
1778
2587
156
1854
480
817
776
1438
2205
3575
1285
587
3559
183
19
792
82
4025
1032
520
4001
61
4064
2970
877
2293
3528
3948
3156
3905
4050
2279
1764
1997
204
3522
1847
1933
192
1789
3175
3918
2005
3405
3586
347
2791
1258
55
2280
1023
1446
1967
3200
1364
831
1694
172
2677
548
485
3389
32
3091
2668
1844
42
99
62
3724
2927
137
45
1441
2773
2583
2902
2990
3922
3507
2190
539
2434
1024
4063
1083
3188
527
1334
803
2259
309
57
3321
1081
3503
2371
2402
3335
3819
3730
3816
1784
725
39
802
2394
3336
904
1592
1385
3607
3153
2092
2701
20
809
2069
3755
1115
2296
980
3330
3635
2263
527
2705
1241
223
3257
2144
984
1949
956
1630
3848
3358
757
3137
2130
731
3070
791
835
2920
1282
929
1358
3196
2707
1336
3111
2302
919
2627
3726
492
1638
939
2934
961
2950
1179
944
128
3808
3833
3249
1030
990
2272
3457
3182
1121
3098
1581
2624
2319
3132
3721
3343
619
604
2547
1354
644
1007
926
2436
825
712
2341
2525
2922
2627
3990
501
2052
934
2231
2385
2222
3309
4038
3516
2705
1279
418
1505
3594
3193
2035
3105
1678
2056
797
1884
2260
1577
2817
3727
1180
3605
2048
2444
2964
131
3084
577
2092
1074
890
1437
3510
2488
3136
1950
41
1341
3188
2107
3093
3618
668
3014
1125
1221
3410
204
3105
750
2479
2715
216
1489
3599
2673
1327
2521
421
883
1862
2425
2167
3015
2973
1140
3751
386
3754
3523
238
202
332
1021
2336
1406
3669
1632
3329
3195
2236
1716
2354
2977
900
2338
3350
3326
2458
137
2201
1973
39
2006
1214
2212
3688
2294
3846
2052
3047
2828
588
2573
3386
554
2806
453
3288
3239
3562
814
2794
2086
3407
2048
2425
797
1623
2484
2754
2578
3979
3388
1983
2690
3661
2415
3784
3037
2073
1258
3174
2080
2766
2007
2148
708
1973
2168
3875
3069
1455
165
2185
2774
2657
2278
1516
1815
1482
54
786
596
2376
3272
355
3228
3303
663
494
3467
2013
2498
2309
1930
2453
1116
1311
535
679
3853
3492
1486
3069
2711
2448
3879
2609
785
556
2046
207
3901
740
990
3063
1189
1719
353
232
13
3238
2223
620
695
3349
1795
147
1535
3473
587
1859
1784
3992
3163
869
1098
2728
2369
3044
2102
3272
1310
2542
2465
3388
3595
738
3254
235
3373
2534
123
1362
2886
2159
2952
2986
3948
846
2507
593
420
2965
2672
485
1473
2181
1992
3522
2450
2158
1711
653
761
3162
1171
3186
851
367
3543
977
1304
1760
1569
30
2875
2622
186
1103
1836
2258
2998
2980
3864
19
903
430
1227
976
2419
2536
3463
3149
3951
796
1052
2007
3366
3158
2894
828
2354
3331
3029
2645
1970
1939
2592
1592
1000
22
756
3344
2333
637
869
1789
1640
328
3324
1873
1466
523
2911
1333
2131
1793
437
459
3258
3896
1818
872
3288
2827
2247
3827
1896
2594
3081
131
2866
1347
1047
2861
431
2975
1285
1944
3472
549
2368
2626
1483
246
830
328
3116
3233
3960
1648
2609
1823
747
1380
2992
81
2539
719
2416
3903
198
19
503
425
1134
1586
3841
1447
3447
1999
1915
129
3782
1208
2666
2297
2957
1981
2755
1751
2990
1894
8
446
309
512
963
1961
3346
728
1225
745
1266
143
401
3372
2681
3352
697
2655
2217
3976
3908
2781
3288
3840
651
1022
1319
182
2117
814
474
422
3177
485
2110
1336
2991
1873
3494
713
3689
3935
4078
3525
3259
1571
670
1615
2264
3187
993
83
1428
1201
2934
528
782
3363
2874
340
2976
922
3377
897
2695
4040
3200
1752
1342
1382
3027
1224
624
1826
2382
3608
2184
2852
888
3330
3651
1141
2617
1244
2414
1796
20
1601
359
2985
3642
951
3081
1593
3841
1874
1400
1079
2185
1684
1760
3701
1533
3557
601
3864
4013
1111
2534
3646
203
3778
3123
3549
230
2376
2591
1024
1233
3597
3820
11
3248
3787
219
3323
2816
3838
616
3143
118
286
1529
3529
1771
1200
2064
1517
3216
756
723
3809
3057
269
4016
1761
812
601
1431
2891
824
1729
2504
3248
3726
2626
248
1381
3860
3047
711
1701
1486
3030
2556
589
3456
794
3158
1374
497
4051
220
1150
1382
3839
3281
472
629
304
1101
3931
1037
641
733
1034
2177
1610
1907
3118
1448
110
1545
1968
545
488
1784
1144
2255
2271
474
2805
1969
582
3308
2945
488
4081
2865
897
1078
2243
3498
4070
2317
2264
2877
2433
3555
1953
3787
2221
912
4021
4069
1138
3891
3892
662
1741
1851
351
709
725
3379
2218
676
1627
1310
325
174
2290
3
2542
474
3449
3336
2857
1125
1380
3158
554
2716
3688
3866
3087
3935
2029
3321
1787
711
1187
204
2246
3092
1701
3185
2581
723
1260
3641
4015
132
2304
2081
3086
1218
21
343
3094
1239
3956
3114
530
2758
3973
31
2397
2788
3157
2768
4046
542
16
2958
3459
321
3809
3117
153
3702
137
1232
3041
3442
132
3363
7
2260
2789
693
2504
3254
2707
2830
2095
3473
1349
3749
3871
3190
1170
2417
697
427
1207
3124
152
3300
568
2129
2477
3075
1884
3231
114
1074
568
3203
1467
2497
957
2637
3092
1055
1879
816
167
2707
1573
2971
847
227
1660
3595
2415
2817
1050
1417
2270
1413
3621
1137
1594
2789
1028
964
3821
3480
2573
611
3019
1057
699
2019
302
4019
2518
3204
963
4067
1483
347
1151
3182
2856
2885
1141
141
171
3237
3708
3885
1884
3444
1902
2001
3524
2440
2026
3778
233
1346
580
2688
1262
3484
311
1349
566
2901
2744
2947
700
1172
1738
2254
2506
2011
1210
2310
1327
2661
3261
3226
3596
356
3064
3807
1180
3756
3211
3844
320
123
954
2329
3731
1458
3845
1191
1555
2125
4043
1169
3985
473
1245
3232
2733
182
909
309
3671
2252
666
1258
2804
1523
1173
1617
3006
3039
2518
3637
1901
2532
815
379
3480
442
2800
3555
2044
1198
2174
2610
1255
4023
1857
908
1509
2222
851
676
3726
202
2900
1624
3380
3514
1653
463
3013
3098
1783
3133
2109
304
1886
3928
6
199
3713
1441
2525
634
1336
3209
737
1942
2994
691
2332
3042
272
1862
3901
3129
3789
94
1815
1477
1307
3929
478
1486
620
1226
2105
3577
2520
1542
3710
2196
2925
2756
1812
2866
1487
1875
3981
668
2628
97
3237
3671
3945
432
2845
