666 988
64
156
364
418
217
256
484
295
665
100
430
447
642
8
142
202
13
107
290
534
94
191
261
257
342
47
306
403
228
265
594
161
518
462
333
333
605
51
126
347
438
558
76
288
474
212
397
168
401
290
375
328
529
503
571
646
624
232
287
304
313
60
113
621
155
12
284
147
313
197
504
215
349
237
161
451
537
591
212
446
337
11
399
56
207
552
326
187
407
207
90
340
59
226
526
653
194
249
286
489
307
113
172
525
569
665
626
208
168
143
327
228
343
646
540
451
554
425
432
540
438
82
20
483
479
560
543
239
110
58
102
119
450
19
315
80
633
202
454
521
23
61
563
468
649
274
388
191
344
375
656
500
458
243
451
13
486
18
467
125
602
265
28
237
599
421
468
634
270
613
397
67
563
355
183
644
466
665
554
47
185
194
320
468
53
92
136
119
515
122
648
416
483
561
122
586
488
377
562
472
219
100
609
557
198
156
241
355
494
520
533
183
74
430
140
445
426
596
654
253
229
49
306
2
453
367
75
212
580
34
464
550
630
402
549
307
284
547
96
575
603
189
38
354
288
659
407
173
371
80
274
539
565
424
593
323
489
386
369
492
547
496
319
371
522
474
23
29
309
613
350
220
122
116
233
317
189
526
622
472
390
607
469
278
654
665
69
301
558
182
429
480
377
489
271
273
527
410
29
277
104
469
41
136
360
516
630
584
18
577
108
157
199
459
82
255
233
285
75
421
639
647
499
606
347
300
78
486
606
472
494
224
10
551
148
171
294
419
241
360
118
334
393
40
146
27
543
430
10
60
172
468
321
417
471
541
109
612
600
637
258
328
112
111
7
602
91
508
206
557
550
473
197
275
380
506
327
516
455
498
614
241
591
333
396
79
487
613
362
31
503
505
238
431
323
471
115
147
450
294
445
111
468
359
214
36
179
291
327
120
283
255
386
592
98
16
446
458
437
626
172
170
481
8
473
376
494
666
554
62
571
73
576
556
626
548
329
405
56
193
23
181
452
504
148
132
439
449
100
613
331
94
218
172
85
525
113
594
231
268
424
399
579
216
588
516
434
523
406
354
657
599
257
550
154
38
337
250
94
148
51
652
95
520
301
495
181
512
515
644
172
219
385
403
309
457
337
8
206
614
617
70
495
422
548
325
147
228
411
276
86
117
552
610
218
131
76
492
579
630
408
274
418
70
18
141
433
641
639
28
406
85
55
648
610
404
475
297
365
334
545
635
549
534
199
486
111
561
334
321
291
395
281
25
451
317
595
316
182
331
580
376
130
525
408
424
19
426
134
503
409
397
104
513
107
196
1
31
270
645
259
375
31
655
531
345
3
274
9
153
378
426
471
7
306
559
596
638
60
418
553
94
366
312
520
620
18
39
164
107
466
51
226
631
518
427
285
120
538
450
280
262
42
611
225
401
495
574
455
534
186
510
422
617
213
172
116
121
610
364
645
661
503
224
666
398
345
548
68
443
263
383
562
394
364
51
5
458
122
477
207
473
382
602
320
132
85
322
206
636
145
474
173
398
411
314
84
551
448
487
222
292
302
485
462
298
633
136
580
296
312
250
544
401
519
490
356
469
209
169
161
227
107
202
380
438
385
343
384
447
244
82
580
173
603
336
300
322
402
58
67
261
368
590
347
350
335
266
128
143
73
374
376
132
203
577
620
160
374
464
643
229
303
255
504
393
356
417
602
587
508
439
413
272
546
332
115
351
195
103
157
47
640
38
503
597
612
484
421
545
394
433
419
465
116
225
289
59
474
655
609
224
304
6
359
67
628
150
338
204
637
481
464
637
260
607
313
354
95
55
538
627
136
466
379
587
654
575
521
196
50
500
242
108
52
378
220
297
241
554
608
275
141
446
89
275
492
106
273
545
399
239
198
575
562
131
144
495
319
336
159
618
128
2
511
331
120
280
80
437
139
570
171
284
68
276
418
141
18
171
498
104
77
113
651
626
65
223
640
639
351
30
387
541
541
303
509
660
235
272
338
353
444
402
337
4
313
484
200
19
505
11
630
555
56
531
320
184
587
255
165
21
455
397
372
535
548
566
383
187
626
421
572
409
369
597
341
309
424
374
453
267
71
322
72
307
327
475
397
255
438
189
129
117
107
440
155
134
484
522
156
450
175
310
493
531
504
606
246
3
388
285
381
218
360
208
209
466
622
205
507
658
621
254
538
322
339
281
39
17
47
172
422
622
663
184
447
416
512
22
219
356
434
392
97
587
184
517
