2010 2011
2010 2011
2010 2011
2010 2011
2010 2011
2010 2011
2010 2011
2010 2011
2010 2011
2010 2011
2010 2011
2010 2011
2010 2011
2010 2011
2010 2011
2010 2011
2010 2011
2010 2011
2010 2011
2010 2011
2010 2011
2010 2011
2010 2011
2010 2011
2010 2012
2010 2012
2010 2012
2010 2012
2010 2012
2010 2012
2010 2012
2010 2012
2010 2012
2010 2012
2010 2012
2010 2012
2010 2012
2010 2012
2010 2012
2010 2012
2010 2012
2010 2012
2010 2012
2010 2012
2010 2012
2010 2012
2010 2012
2010 2012
2010 2013
2010 2013
2010 2013
2010 2013
2010 2013
2010 2013
2010 2013
2010 2013
2010 2013
2010 2013
2010 2013
2010 2013
2010 2013
2010 2013
2010 2013
2010 2013
2010 2013
2010 2013
2010 2013
2010 2013
2010 2013
2010 2013
2010 2013
2010 2013
2010 2014
2010 2014
2010 2014
2010 2014
2010 2014
2010 2014
2010 2014
2010 2014
2010 2014
2010 2014
2010 2014
2010 2014
2010 2014
2010 2014
2010 2014
2010 2014
2010 2014
2010 2014
2010 2014
2010 2014
2010 2014
2010 2014
2010 2014
2010 2014
2010 2015
2010 2015
2010 2015
2010 2015
2010 2015
2010 2015
2010 2015
2010 2015
2010 2015
2010 2015
2010 2015
2010 2015
2010 2015
2010 2015
2010 2015
2010 2015
2010 2015
2010 2015
2010 2015
2010 2015
2010 2015
2010 2015
2010 2015
2010 2015
2010 2016
2010 2016
2010 2016
2010 2016
2010 2016
2010 2016
2010 2016
2010 2016
2010 2016
2010 2016
2010 2016
2010 2016
2010 2016
2010 2016
2010 2016
2010 2016
2010 2016
2010 2016
2010 2016
2010 2016
2010 2016
2010 2016
2010 2016
2010 2016
2010 2017
2010 2017
2010 2017
2010 2017
2010 2017
2010 2017
2010 2017
2010 2017
2010 2017
2010 2017
2010 2017
2010 2017
2010 2017
2010 2017
2010 2017
2010 2017
2010 2017
2010 2017
2010 2017
2010 2017
2010 2017
2010 2017
2010 2017
2010 2017
2012 2011
2012 2011
2012 2011
2012 2011
2012 2011
2012 2011
2012 2011
2012 2011
2012 2011
2012 2011
2012 2011
2012 2011
2012 2011
2012 2011
2012 2011
2012 2011
2012 2011
2012 2011
2012 2011
2012 2011
2012 2011
2012 2011
2012 2011
2012 2011
2012 2012
2012 2012
2012 2012
2012 2012
2012 2012
2012 2012
2012 2012
2012 2012
2012 2012
2012 2012
2012 2012
2012 2012
2012 2012
2012 2012
2012 2012
2012 2012
2012 2012
2012 2012
2012 2012
2012 2012
2012 2012
2012 2012
2012 2012
2012 2012
2012 2013
2012 2013
2012 2013
2012 2013
2012 2013
2012 2013
2012 2013
2012 2013
2012 2013
2012 2013
2012 2013
2012 2013
2012 2013
2012 2013
2012 2013
2012 2013
2012 2013
2012 2013
2012 2013
2012 2013
2012 2013
2012 2013
2012 2013
2012 2013
2012 2014
2012 2014
2012 2014
2012 2014
2012 2014
2012 2014
2012 2014
2012 2014
2012 2014
2012 2014
2012 2014
2012 2014
2012 2014
2012 2014
2012 2014
2012 2014
2012 2014
2012 2014
2012 2014
2012 2014
2012 2014
2012 2014
2012 2014
2012 2014
2012 2015
2012 2015
2012 2015
2012 2015
2012 2015
2012 2015
2012 2015
2012 2015
2012 2015
2012 2015
2012 2015
2012 2015
2012 2015
2012 2015
2012 2015
2012 2015
2012 2015
2012 2015
2012 2015
2012 2015
2012 2015
2012 2015
2012 2015
2012 2015
2012 2016
2012 2016
2012 2016
2012 2016
2012 2016
2012 2016
2012 2016
2012 2016
2012 2016
2012 2016
2012 2016
2012 2016
2012 2016
2012 2016
2012 2016
2012 2016
2012 2016
2012 2016
2012 2016
2012 2016
2012 2016
2012 2016
2012 2016
2012 2016
2012 2017
2012 2017
2012 2017
2012 2017
2012 2017
2012 2017
2012 2017
2012 2017
2012 2017
2012 2017
2012 2017
2012 2017
2012 2017
2012 2017
2012 2017
2012 2017
2012 2017
2012 2017
2012 2017
2012 2017
2012 2017
2012 2017
2012 2017
2012 2017
2013 2011
2013 2011
2013 2011
2013 2011
2013 2011
2013 2011
2013 2011
2013 2011
2013 2011
2013 2011
2013 2011
2013 2011
2013 2011
2013 2011
2013 2011
2013 2011
2013 2011
2013 2011
2013 2011
2013 2011
2013 2011
2013 2011
2013 2011
2013 2011
2013 2012
2013 2012
2013 2012
2013 2012
2013 2012
2013 2012
2013 2012
2013 2012
2013 2012
2013 2012
2013 2012
2013 2012
2013 2012
2013 2012
2013 2012
2013 2012
2013 2012
2013 2012
2013 2012
2013 2012
2013 2012
2013 2012
2013 2012
2013 2012
2013 2013
2013 2013
2013 2013
2013 2013
2013 2013
2013 2013
2013 2013
2013 2013
2013 2013
2013 2013
2013 2013
2013 2013
2013 2013
2013 2013
2013 2013
2013 2013
2013 2013
2013 2013
2013 2013
2013 2013
2013 2013
2013 2013
2013 2013
2013 2013
2013 2014
2013 2014
2013 2014
2013 2014
2013 2014
2013 2014
2013 2014
2013 2014
2013 2014
2013 2014
2013 2014
2013 2014
2013 2014
2013 2014
2013 2014
2013 2014
2013 2014
2013 2014
2013 2014
2013 2014
2013 2014
2013 2014
2013 2014
2013 2014
2013 2015
2013 2015
2013 2015
2013 2015
2013 2015
2013 2015
2013 2015
2013 2015
2013 2015
2013 2015
2013 2015
2013 2015
2013 2015
2013 2015
2013 2015
2013 2015
2013 2015
2013 2015
2013 2015
2013 2015
2013 2015
2013 2015
2013 2015
2013 2015
2013 2016
2013 2016
2013 2016
2013 2016
2013 2016
2013 2016
2013 2016
2013 2016
2013 2016
2013 2016
2013 2016
2013 2016
2013 2016
2013 2016
2013 2016
2013 2016
2013 2016
2013 2016
2013 2016
2013 2016
2013 2016
2013 2016
2013 2016
2013 2016
2013 2017
2013 2017
2013 2017
2013 2017
2013 2017
2013 2017
2013 2017
2013 2017
2013 2017
2013 2017
2013 2017
2013 2017
2013 2017
2013 2017
2013 2017
2013 2017
2013 2017
2013 2017
2013 2017
2013 2017
2013 2017
2013 2017
2013 2017
2013 2017
2015 2011
2015 2011
2015 2011
2015 2011
2015 2011
2015 2011
2015 2011
2015 2011
2015 2011
2015 2011
2015 2011
2015 2011
2015 2011
2015 2011
2015 2011
2015 2011
2015 2011
2015 2011
2015 2011
2015 2011
2015 2011
2015 2011
2015 2011
2015 2011
2015 2012
2015 2012
2015 2012
2015 2012
2015 2012
2015 2012
2015 2012
2015 2012
2015 2012
2015 2012
2015 2012
2015 2012
2015 2012
2015 2012
2015 2012
2015 2012
2015 2012
2015 2012
2015 2012
2015 2012
2015 2012
2015 2012
2015 2012
2015 2012
2015 2013
2015 2013
2015 2013
2015 2013
2015 2013
2015 2013
2015 2013
2015 2013
2015 2013
2015 2013
2015 2013
2015 2013
2015 2013
2015 2013
2015 2013
2015 2013
2015 2013
2015 2013
2015 2013
2015 2013
2015 2013
2015 2013
2015 2013
2015 2013
2015 2014
2015 2014
2015 2014
2015 2014
2015 2014
2015 2014
2015 2014
2015 2014
2015 2014
2015 2014
2015 2014
2015 2014
2015 2014
2015 2014
2015 2014
2015 2014
2015 2014
2015 2014
2015 2014
2015 2014
2015 2014
2015 2014
2015 2014
2015 2014
2015 2015
2015 2015
2015 2015
2015 2015
2015 2015
2015 2015
2015 2015
2015 2015
2015 2015
2015 2015
2015 2015
2015 2015
2015 2015
2015 2015
2015 2015
2015 2015
2015 2015
2015 2015
2015 2015
2015 2015
2015 2015
2015 2015
2015 2015
2015 2015
2015 2016
2015 2016
2015 2016
2015 2016
2015 2016
2015 2016
2015 2016
2015 2016
2015 2016
2015 2016
2015 2016
2015 2016
2015 2016
2015 2016
2015 2016
2015 2016
2015 2016
2015 2016
2015 2016
2015 2016
2015 2016
2015 2016
2015 2016
2015 2016
2015 2017
2015 2017
2015 2017
2015 2017
2015 2017
2015 2017
2015 2017
2015 2017
2015 2017
2015 2017
2015 2017
2015 2017
2015 2017
2015 2017
2015 2017
2015 2017
2015 2017
2015 2017
2015 2017
2015 2017
2015 2017
2015 2017
2015 2017
2015 2017
2015 2011
2015 2011
2015 2011
2015 2011
2015 2011
2015 2011
2015 2011
2015 2011
2015 2011
2015 2011
2015 2011
2015 2011
2015 2011
2015 2011
2015 2011
2015 2011
2015 2011
2015 2011
2015 2011
2015 2011
2015 2011
2015 2011
2015 2011
2015 2011
2015 2012
2015 2012
2015 2012
2015 2012
2015 2012
2015 2012
2015 2012
2015 2012
2015 2012
2015 2012
2015 2012
2015 2012
2015 2012
2015 2012
2015 2012
2015 2012
2015 2012
2015 2012
2015 2012
2015 2012
2015 2012
2015 2012
2015 2012
2015 2012
2015 2013
2015 2013
2015 2013
2015 2013
2015 2013
2015 2013
2015 2013
2015 2013
2015 2013
2015 2013
2015 2013
2015 2013
2015 2013
2015 2013
2015 2013
2015 2013
2015 2013
2015 2013
2015 2013
2015 2013
2015 2013
2015 2013
2015 2013
2015 2013
2015 2014
2015 2014
2015 2014
2015 2014
2015 2014
2015 2014
2015 2014
2015 2014
2015 2014
2015 2014
2015 2014
2015 2014
2015 2014
2015 2014
2015 2014
2015 2014
2015 2014
2015 2014
2015 2014
2015 2014
2015 2014
2015 2014
2015 2014
2015 2014
2015 2015
2015 2015
2015 2015
2015 2015
2015 2015
2015 2015
2015 2015
2015 2015
2015 2015
2015 2015
2015 2015
2015 2015
2015 2015
2015 2015
2015 2015
2015 2015
2015 2015
2015 2015
2015 2015
2015 2015
2015 2015
2015 2015
2015 2015
2015 2015
2015 2016
2015 2016
2015 2016
2015 2016
2015 2016
2015 2016
2015 2016
2015 2016
2015 2016
2015 2016
2015 2016
2015 2016
2015 2016
2015 2016
2015 2016
2015 2016
2015 2016
2015 2016
2015 2016
2015 2016
2015 2016
2015 2016
2015 2016
2015 2016
2015 2017
2015 2017
2015 2017
2015 2017
2015 2017
2015 2017
2015 2017
2015 2017
2015 2017
2015 2017
2015 2017
2015 2017
2015 2017
2015 2017
2015 2017
2015 2017
2015 2017
2015 2017
2015 2017
2015 2017
2015 2017
2015 2017
2015 2017
2015 2017
2017 2011
2017 2011
2017 2011
2017 2011
2017 2011
2017 2011
2017 2011
2017 2011
2017 2011
2017 2011
2017 2011
2017 2011
2017 2011
2017 2011
2017 2011
2017 2011
2017 2011
2017 2011
2017 2011
2017 2011
2017 2011
2017 2011
2017 2011
2017 2011
2017 2012
2017 2012
2017 2012
2017 2012
2017 2012
2017 2012
2017 2012
2017 2012
2017 2012
2017 2012
2017 2012
2017 2012
2017 2012
2017 2012
2017 2012
2017 2012
2017 2012
2017 2012
2017 2012
2017 2012
2017 2012
2017 2012
2017 2012
2017 2012
2017 2013
2017 2013
2017 2013
2017 2013
2017 2013
2017 2013
2017 2013
2017 2013
2017 2013
2017 2013
2017 2013
2017 2013
2017 2013
2017 2013
2017 2013
2017 2013
2017 2013
2017 2013
2017 2013
2017 2013
2017 2013
2017 2013
2017 2013
2017 2013
2017 2014
2017 2014
2017 2014
2017 2014
2017 2014
2017 2014
2017 2014
2017 2014
2017 2014
2017 2014
2017 2014
2017 2014
2017 2014
2017 2014
2017 2014
2017 2014
2017 2014
2017 2014
2017 2014
2017 2014
2017 2014
2017 2014
2017 2014
2017 2014
2017 2015
2017 2015
2017 2015
2017 2015
2017 2015
2017 2015
2017 2015
2017 2015
2017 2015
2017 2015
2017 2015
2017 2015
2017 2015
2017 2015
2017 2015
2017 2015
2017 2015
2017 2015
2017 2015
2017 2015
2017 2015
2017 2015
2017 2015
2017 2015
2017 2016
2017 2016
2017 2016
2017 2016
2017 2016
2017 2016
2017 2016
2017 2016
2017 2016
2017 2016
2017 2016
2017 2016
2017 2016
2017 2016
2017 2016
2017 2016
2017 2016
2017 2016
2017 2016
2017 2016
2017 2016
2017 2016
2017 2016
2017 2016
2017 2017
2017 2017
2017 2017
2017 2017
2017 2017
2017 2017
2017 2017
2017 2017
2017 2017
2017 2017
2017 2017
2017 2017
2017 2017
2017 2017
2017 2017
2017 2017
2017 2017
2017 2017
2017 2017
2017 2017
2017 2017
2017 2017
2017 2017
2017 2017
2018 2011
2018 2011
2018 2011
2018 2011
2018 2011
2018 2011
2018 2011
2018 2011
2018 2011
2018 2011
2018 2011
2018 2011
2018 2011
2018 2011
2018 2011
2018 2011
2018 2011
2018 2011
2018 2011
2018 2011
2018 2011
2018 2011
2018 2011
2018 2011
2018 2012
2018 2012
2018 2012
2018 2012
2018 2012
2018 2012
2018 2012
2018 2012
2018 2012
2018 2012
2018 2012
2018 2012
2018 2012
2018 2012
2018 2012
2018 2012
2018 2012
2018 2012
2018 2012
2018 2012
2018 2012
2018 2012
2018 2012
2018 2012
2018 2013
2018 2013
2018 2013
2018 2013
2018 2013
2018 2013
2018 2013
2018 2013
2018 2013
2018 2013
2018 2013
2018 2013
2018 2013
2018 2013
2018 2013
2018 2013
2018 2013
2018 2013
2018 2013
2018 2013
2018 2013
2018 2013
2018 2013
2018 2013
2018 2014
2018 2014
2018 2014
2018 2014
2018 2014
2018 2014
2018 2014
2018 2014
2018 2014
2018 2014
2018 2014
2018 2014
2018 2014
2018 2014
2018 2014
2018 2014
2018 2014
2018 2014
2018 2014
2018 2014
2018 2014
2018 2014
2018 2014
2018 2014
2018 2015
2018 2015
2018 2015
2018 2015
2018 2015
2018 2015
2018 2015
2018 2015
2018 2015
2018 2015
2018 2015
2018 2015
2018 2015
2018 2015
2018 2015
2018 2015
2018 2015
2018 2015
2018 2015
2018 2015
2018 2015
2018 2015
2018 2015
2018 2015
2018 2016
2018 2016
2018 2016
2018 2016
2018 2016
2018 2016
2018 2016
2018 2016
2018 2016
2018 2016
2018 2016
2018 2016
2018 2016
2018 2016
2018 2016
2018 2016
2018 2016
2018 2016
2018 2016
2018 2016
2018 2016
2018 2016
2018 2016
2018 2016
2018 2017
2018 2017
2018 2017
2018 2017
2018 2017
2018 2017
2018 2017
2018 2017
2018 2017
2018 2017
2018 2017
2018 2017
2018 2017
2018 2017
2018 2017
2018 2017
2018 2017
2018 2017
2018 2017
2018 2017
2018 2017
2018 2017
2018 2017
2018 2017
 0 0 0 0 0 0 0
 0 3 0 0 0 0 0
 0 0 1 0 0 0 0
 0 0 0 0 6 0 0
 0 0 0 0 4 0 0
 0 0 0 0 0 0 2
 0 0 0 0 0 0 0
