280900
281961
283024
284089
285156
286225
287296
288369
289444
290521
291600
292681
293764
294849
295936
297025
298116
299209
300304
301401
302500
303601
304704
305809
306916
308025
309136
310249
311364
312481
313600
314721
315844
316969
318096
319225
320356
321489
322624
323761
324900
326041
327184
328329
329476
330625
331776
332929
334084
335241
336400
337561
338724
339889
341056
342225
343396
344569
345744
346921
348100
349281
350464
351649
352836
354025
355216
356409
357604
358801
360000
361201
362404
363609
364816
366025
367236
368449
369664
370881
372100
373321
374544
375769
376996
378225
379456
380689
381924
383161
384400
385641
386884
388129
389376
390625
391876
393129
394384
395641
396900
398161
399424
400689
401956
403225
404496
405769
407044
408321
409600
410881
412164
413449
414736
416025
417316
418609
419904
421201
422500
423801
425104
426409
427716
429025
430336
431649
432964
434281
435600
436921
438244
439569
440896
442225
443556
444889
446224
447561
448900
450241
451584
452929
454276
455625
456976
458329
459684
461041
462400
463761
465124
466489
467856
469225
470596
471969
473344
474721
476100
477481
478864
480249
481636
483025
484416
485809
487204
488601
490000
491401
492804
494209
495616
497025
498436
499849
501264
502681
504100
505521
506944
508369
509796
511225
512656
514089
515524
516961
518400
519841
521284
522729
524176
525625
527076
528529
529984
531441
532900
534361
535824
537289
538756
540225
541696
543169
544644
546121
547600
549081
550564
552049
553536
555025
556516
558009
559504
561001
562500
564001
565504
567009
568516
570025
571536
