100489
101124
101761
102400
103041
103684
104329
104976
105625
106276
106929
107584
108241
108900
109561
110224
110889
111556
112225
112896
113569
114244
114921
115600
116281
116964
117649
118336
119025
119716
120409
121104
121801
122500
123201
123904
124609
125316
126025
126736
127449
128164
128881
129600
130321
131044
131769
132496
133225
133956
134689
135424
136161
136900
137641
138384
139129
139876
140625
141376
142129
142884
143641
144400
145161
145924
146689
147456
148225
148996
149769
150544
151321
152100
152881
153664
154449
155236
156025
156816
157609
158404
159201
160000
160801
