603729
605284
606841
608400
609961
611524
613089
614656
616225
617796
619369
620944
622521
624100
625681
627264
628849
630436
632025
633616
635209
636804
638401
640000
641601
643204
644809
646416
648025
649636
651249
652864
654481
656100
657721
659344
660969
662596
664225
665856
667489
669124
670761
672400
674041
675684
677329
678976
680625
682276
683929
685584
687241
688900
690561
692224
693889
695556
697225
698896
700569
702244
703921
705600
707281
708964
710649
712336
714025
715716
717409
719104
720801
722500
724201
725904
727609
729316
731025
732736
734449
736164
737881
